H	M	M_over_mass	M_without_diamagnetism	M/Ms
Oe	emu	emu/g	emu/g	-
x=0%, d =8.7% -  after 15 days in soft vacuum	x=0%, d =8.7% -  after 15 days in soft vacuum	x=0%, d =8.7% -  after 15 days in soft vacuum	x=0%, d =8.7% -  after 15 days in soft vacuum	x=0%, d =8.7% -  after 15 days in soft vacuum
1492.7725	-3.7301975E-6	-4.5321459609868E-4	1.363626404181E-4	0.638886829436148
1477.7221	-3.7180941E-6	-4.60568434595525E-4	1.27931635449587E-4	0.599385848692611
1462.6799	-4.0573753E-6	-4.66918124784854E-4	1.07865045704216E-4	0.505369776103313
1447.636	-4.0086455E-6	-4.72263666666667E-4	1.06956198350663E-4	0.501111640573139
1432.4437	-4.1160154E-6	-4.69749076305221E-4	1.02998980747184E-4	0.482571267635772
1417.4076	-3.3807651E-6	-4.77137838783706E-4	8.91410794029924E-5	0.41764416864969
1402.3611	-4.3107441E-6	-5.01037333333333E-4	5.87821421491662E-5	0.275406345242352
1387.3206	-4.4697387E-6	-4.99382137693632E-4	5.39932378103227E-5	0.252969350035044
1372.2833	-4.1905947E-6	-4.95757114744693E-4	5.11682038087035E-5	0.239733488579077
1357.2427	-3.4249818E-6	-4.59506266207688E-4	8.0969409953025E-5	0.379358227793143
1342.2036	-3.7195535E-6	-4.45407821572002E-4	8.86178058067809E-5	0.415192524945914
1327.1601	-3.8106917E-6	-4.38713480780264E-4	8.88618323361775E-5	0.416335839091097
1312.1218	-3.7818113E-6	-4.43142885255307E-4	7.79825220301957E-5	0.365364047649325
1297.0822	-3.3970364E-6	-4.50891405048766E-4	6.37883522610167E-5	0.298861462392069
1282.0437	-3.6500681E-6	-4.32296014343087E-4	7.59301735060729E-5	0.355748375516148
1267.0035	-3.869072E-6	-3.9677689902467E-4	1.04984001466914E-4	0.491871495250203
1251.8628	-2.6901717E-6	-3.90374901893287E-4	1.04915673239364E-4	0.491551363544583
1236.7723	-2.7962487E-6	-3.61886593803786E-4	1.26934127708204E-4	0.594712321132009
1221.7327	-3.491481E-6	-3.4931001319564E-4	1.33048102310936E-4	0.623357541239333
1206.6895	-2.7056776E-6	-3.61512846242111E-4	1.14396580559106E-4	0.535971351300142
1191.6526	-3.0054682E-6	-3.70655364888124E-4	9.8806770043134E-5	0.462929904012812
1176.6166	-2.9579826E-6	-3.58886705106139E-4	1.04126081503045E-4	0.487851964945237
1161.576	-3.3960499E-6	-3.75738205393001E-4	8.08249490342849E-5	0.378681398875279
1146.5344	-2.7425519E-6	-3.55075866896156E-4	9.50374082482319E-5	0.445269673917832
1131.4936	-2.9613803E-6	-3.32976487664945E-4	1.10686364982779E-4	0.51858823332284
1116.4576	-2.4867887E-6	-3.45933650028686E-4	9.12800789342362E-5	0.42766581845415
1101.415	-2.8880492E-6	-3.46116485370052E-4	8.46478462590287E-5	0.39659245339643
1086.3822	-3.502118E-6	-3.3598262248996E-4	8.83317788022975E-5	0.413852429994194
1071.3348	-2.0748863E-6	-3.34308602983362E-4	8.35552451141829E-5	0.391473393812892
1056.2951	-2.7226886E-6	-3.225008973035E-4	8.89142232877042E-5	0.416581301402544
1041.2571	-2.7181696E-6	-3.03907998852553E-4	1.01060905268575E-4	0.473490988066971
1026.2236	-2.7240666E-6	-3.20307168100975E-4	7.82072151185761E-5	0.366416780673498
1011.1617	-2.2538523E-6	-2.90299224899598E-4	1.01744133930675E-4	0.476692053933475
996.00657	-2.359267E-6	-2.6627969535284E-4	1.19283770817102E-4	0.558868836118629
980.87672	-2.0835762E-6	-2.77017063109581E-4	1.0206495162158E-4	0.478195150358864
965.81812	-2.3188365E-6	-2.93395701090075E-4	7.92132720091084E-5	0.371130362744466
950.75291	-2.9096296E-6	-2.85338903040734E-4	8.08099814199858E-5	0.378611272544383
935.69139	-2.2059464E-6	-2.94817323580034E-4	6.48741194903616E-5	0.303948503685307
920.62344	-2.1200776E-6	-2.99468668387837E-4	5.3762335201521E-5	0.251887524139083
905.56154	-2.8369806E-6	-3.0641523006311E-4	4.0355721033965E-5	0.189074797774137
890.49929	-2.7667537E-6	-3.19576930005737E-4	2.07341117542606E-5	0.097143549576619
875.43547	-2.6460966E-6	-3.26242615605278E-4	7.60868999255761E-6	0.0356482670810946
860.3728	-2.2542736E-6	-2.99926516351119E-4	2.74648043498308E-5	0.128678219476736
845.30723	-2.6373205E-6	-2.79515124497992E-4	4.14158181908458E-5	0.194041569533449
830.24548	-1.9837501E-6	-2.51122170969593E-4	6.33488176589297E-5	0.29680215298376
815.17959	-1.8903881E-6	-2.26039979345955E-4	8.19709719022455E-5	0.384050750145742
800.11987	-1.6229231E-6	-2.18662749856569E-4	8.28918027266793E-5	0.388365030685234
785.05457	-1.8106524E-6	-2.21471169822146E-4	7.36216771427154E-5	0.344932598424796
769.99292	-2.1546795E-6	-1.98342777969019E-4	9.02758864107402E-5	0.42296097132364
754.84872	-1.2972176E-6	-1.97032741824441E-4	8.51053208580714E-5	0.398735815355643
739.71053	-1.1665372E-6	-1.77741674698795E-4	9.79161865492445E-5	0.458757338396492
724.64862	-1.8732175E-6	-1.606353178428E-4	1.08548027744329E-4	0.508569686495426
709.58381	-1.23539E-6	-1.85440181296615E-4	7.72823165822885E-5	0.362083442072932
694.51813	-1.3784504E-6	-1.7734870831899E-4	7.891647212852E-5	0.36973979466728
679.46077	-1.6214974E-6	-1.38482591853127E-4	1.11322344956203E-4	0.521567929429927
664.38889	-8.025912E-7	-1.32521937005163E-4	1.10823044722773E-4	0.519228605828571
649.33042	-7.8647452E-7	-1.24249980722892E-4	1.12634947695898E-4	0.527717741431965
634.26603	-1.3091871E-6	-1.31343727251865E-4	9.90807798610846E-5	0.464213695990498
619.20166	-1.2797644E-6	-1.42152979919679E-4	8.18119948383786E-5	0.38330591012229
604.13869	-1.2330522E-6	-1.40562533792312E-4	7.69423570242436E-5	0.36049066208928
589.0763	-7.6623348E-7	-1.36206607802639E-4	7.48386701980384E-5	0.35063445952236
574.01416	-1.2437319E-6	-1.28198989672978E-4	7.63866089375029E-5	0.357886868762792
558.95031	-1.2465555E-6	-1.24607630636833E-4	7.35231286997919E-5	0.344470878836115
543.88529	-7.2205636E-7	-1.16214377165806E-4	7.54494443419435E-5	0.353496061168564
528.81971	-8.7178508E-7	-9.82848988525531E-5	8.69001413367125E-5	0.4071449159824
513.62551	-6.2472966E-7	-8.51711303729203E-5	9.35356653809406E-5	0.438233701776412
498.52349	-7.9059489E-7	-5.77656405565118E-5	1.14451873515925E-4	0.536230410099268
483.45557	-3.3807059E-7	-6.20083985542169E-5	1.03716557604297E-4	0.485933261813298
468.2503	-9.4664633E-8	-8.00407580091796E-5	7.92013831623143E-5	0.371074661068328
453.14864	-1.3488255E-6	-6.50968040619621E-5	8.76622539872956E-5	0.410715569451058
438.07408	-5.2354136E-7	-6.32515437693632E-5	8.30315768692697E-5	0.389019901099322
423.00092	2.3706286E-7	-3.89967082271945E-5	1.00825281251819E-4	0.472387041410155
407.92728	-2.6323746E-7	1.39530787722318E-5	1.47311373980357E-4	0.690183883016841
392.84772	1.4590681E-7	4.74536213425129E-6	1.31638006889284E-4	0.616750956104436
377.77429	1.5823327E-7	5.02871292025244E-6	1.25456194072424E-4	0.58778790010448
362.69461	-1.8756955E-7	1.38895480895009E-5	1.27851275863866E-4	0.59900934761593
347.62468	3.7988428E-7	3.05899847389558E-6	1.105548291026E-4	0.517971960851238
332.54028	-7.1516736E-8	1.24765530579461E-5	1.1350687230445E-4	0.531802886358443
317.46598	1.2220768E-7	4.31946692139988E-5	1.37760368071408E-4	0.645435469049604
302.39743	5.6049902E-7	2.84594782099828E-5	1.16565677999659E-4	0.546134015958762
287.32146	5.6979664E-7	5.04733118301779E-5	1.32107570097861E-4	0.618950955669037
272.24261	-2.5765076E-7	2.63658770510614E-5	1.01516769766193E-4	0.475626806372062
257.03076	6.8388048E-7	3.43663752725186E-5	1.0302975297626E-4	0.482715441815803
241.93631	-2.1526713E-7	2.93807573149742E-5	9.15601043356246E-5	0.428977794669234
226.86485	9.5710767E-7	3.59466400458979E-5	9.16506714927345E-5	0.42940212030329
211.79065	-2.9034415E-7	6.28976982214573E-6	5.55334949365818E-5	0.260185769348244
196.711	2.1720749E-7	4.04108608146873E-5	8.31954050294538E-5	0.389787469500106
181.63762	3.0957604E-7	6.52506452667814E-5	1.01561759431306E-4	0.475837592144567
166.55829	1.4161704E-6	1.11463127194492E-4	1.41291605673383E-4	0.661980038651616
151.35108	1.0712996E-6	1.10065631899025E-4	1.33407924198095E-4	0.625043380292787
136.26157	5.1138158E-7	1.16541597819851E-4	1.33400506554545E-4	0.62500862711732
121.18291	7.6843954E-7	9.84987409064831E-5	1.0888208404608E-4	0.510134808517296
106.10998	1.3398006E-6	1.21227864257028E-4	1.25148458624013E-4	0.586346096657893
91.022691	9.7683316E-7	1.46690128169822E-4	1.44145298538505E-4	0.675350172738141
75.944844	1.3149484E-6	1.34825960068847E-4	1.25815359864761E-4	0.58947066521965
60.881312	1.0283072E-6	1.20476851405622E-4	1.05001227363902E-4	0.491952202096868
45.798587	7.8285692E-7	1.41527690189329E-4	1.19587785139687E-4	0.560293205330487
30.726218	1.2832048E-6	1.27011148881239E-4	9.86057938080464E-5	0.461988289291702
15.644681	1.4431899E-6	1.32463923350545E-4	9.75913118180695E-5	0.457235233908577
0.56656412	5.0077131E-7	1.12687258462421E-4	7.1348287033956E-5	0.334281301308493
-14.514607	1.079005E-6	1.14370692254733E-4	6.65648209382194E-5	0.311869785381182
-29.589995	6.2334774E-7	1.01487591049914E-4	4.72153804738157E-5	0.221213703687815
-44.668629	1.5755616E-6	1.17052402409639E-4	5.63146691868018E-5	0.263845730305511
-59.746099	4.2639127E-7	1.32504425989673E-4	6.53002942765296E-5	0.305945219626607
-74.819911	1.2483273E-6	1.26861917269076E-4	5.31916971214248E-5	0.249213968151678
-89.906751	1.4527929E-6	1.14726372289157E-4	3.45902299181564E-5	0.16206229399871
-104.97465	4.5148138E-7	1.3749038680436E-4	5.08883085071378E-5	0.238422121908242
-120.05517	1.3678987E-6	1.36742407228916E-4	4.36745851520245E-5	0.204624354215807
-135.1315	1.3016712E-6	1.43009717383821E-4	4.34764773125697E-5	0.203696178514254
-150.20754	1.4585789E-6	1.88990490877797E-4	8.29909359989323E-5	0.388829490318805
-165.28583	1.2487328E-6	1.61873893459552E-4	4.94103416621298E-5	0.231497545288694
-180.35636	1.6695135E-6	1.33077779977051E-4	1.41495969671014E-5	0.066293752573237
-195.42433	3.9035379E-7	1.15853653757889E-4	-9.53919599811991E-6	-0.0446930821222196
-210.51003	8.1767097E-7	1.13206467527252E-4	-1.86464906761425E-5	-0.0873626183217421
-225.58246	1.2755321E-6	1.06109706253586E-4	-3.22148448755998E-5	-0.150933129779859
-240.65873	1.0589642E-6	1.26036696213425E-4	-1.87708641119126E-5	-0.087945333277991
-255.85304	8.3754617E-7	1.25255640562249E-4	-2.60372041263713E-5	-0.121989620769115
-270.96541	1.0191434E-6	1.30974519334481E-4	-2.68031559501335E-5	-0.125578261548465
-286.03226	1.4263792E-6	1.57227895065978E-4	-7.02195270858805E-6	-0.0328992830344529
-301.11633	1.4849013E-6	1.65823615949512E-4	-4.8929364395982E-6	-0.0229244068532466
-316.18714	1.4846148E-6	1.85290874354561E-4	8.09534909263853E-6	0.0379283643901057
-331.36772	1.2263275E-6	1.90904803557085E-4	7.22240145783994E-6	0.0338384263766567
-346.48981	2.0092686E-6	1.70871368387837E-4	-1.92953735770717E-5	-0.0904027672802755
-361.57201	1.3160668E-6	1.742437643144E-4	-2.2400946394716E-5	-0.104953010403791
-376.64115	9.1151577E-7	1.72662874297189E-4	-3.04460561298161E-5	-0.142645993139858
-391.72063	1.8774778E-6	1.51840645553643E-4	-5.77314377684254E-5	-0.270483580558213
-406.79526	1.354336E-6	1.91283982845668E-4	-2.47525382966579E-5	-0.115970698897889
-421.86738	1.5424489E-6	2.25391237292025E-4	2.88958093282075E-6	0.0135382770156741
-436.94297	2.4143203E-6	2.28908144578313E-4	-5.81672950866686E-8	-2.72525661140439E-4
-452.01912	2.0022443E-6	2.63131699942628E-4	2.77004305200098E-5	0.12978217622278
-467.09468	1.9697611E-6	2.57071431440046E-4	1.5174482769921E-5	0.0710955519450434
-482.16978	2.2435237E-6	2.17672160068847E-4	-3.06890269027954E-5	-0.143784360850534
-497.24848	1.5527945E-6	2.26819220883534E-4	-2.80036431162971E-5	-0.131202789183141
-512.32086	1.6359159E-6	2.31213024096386E-4	-3.00860470830122E-5	-0.140959277205233
-527.42383	2.492791E-6	2.36494597246127E-4	-3.12889326524719E-5	-0.146595041849348
-542.62621	1.9973883E-6	2.61703006310958E-4	-1.2567138416219E-5	-0.0588796109638671
-557.7023	2.103854E-6	2.66094391279403E-4	-1.4658326847619E-5	-0.0686772559976849
-572.77912	2.255626E-6	2.71603348823867E-4	-1.5621269777793E-5	-0.0731888403561318
-587.852	2.2578954E-6	2.58079228341939E-4	-3.56051356115892E-5	-0.166817334519089
-602.92853	2.4225194E-6	2.75661058519794E-4	-2.44882917773668E-5	-0.114732649969079
-618.00224	1.4467779E-6	2.33442670109007E-4	-7.31716432511947E-5	-0.342824097700471
-633.07983	2.7740249E-6	2.30407709695927E-4	-8.26720709358845E-5	-0.38733554235385
-648.1548	1.0095989E-6	2.4623021686747E-4	-7.33153089735198E-5	-0.343497200960671
-663.23249	2.9544423E-6	3.02955079747562E-4	-2.30555566002064E-5	-0.10801999295429
-678.30859	2.8057328E-6	3.29359546758462E-4	-3.11603672352284E-6	-0.0145992686603469
-693.37825	3.216281E-6	3.82837510613884E-4	4.38966026070653E-5	0.205664551351149
-708.45932	2.9226889E-6	3.51516882960413E-4	6.11004697136284E-6	0.0286268183519407
-723.53697	2.752957E-6	3.42390243832473E-4	-9.48186644434848E-6	-0.0444244814502927
-738.61387	2.6294596E-6	3.15146374641423E-4	-4.31908896401212E-5	-0.202358141922874
-753.68012	2.7007751E-6	3.15258225473322E-4	-4.95434243492602E-5	-0.232121064866878
-768.75834	2.5223366E-6	3.30090254159495E-4	-4.11761138715027E-5	-0.192918505825401
-783.83618	3.0505556E-6	3.53041788296041E-4	-2.46855195444631E-5	-0.115656702351832
-798.91211	3.2159271E-6	3.85955582329317E-4	1.7575239527904E-6	0.00823435878341432
-813.98813	3.3299276E-6	4.04223230636833E-4	1.35436799783847E-5	0.0634549076914146
-829.17042	3.5407383E-6	4.15332163511188E-4	1.81666574366615E-5	0.0851145015641746
-844.29296	3.1550027E-6	3.9520224497992E-4	-8.44736733750704E-6	-0.0395776417851323
-859.36373	3.4826891E-6	3.80923409638554E-4	-2.92032920702696E-5	-0.136823389622455
-874.43805	2.6485456E-6	3.8289082616179E-4	-3.36992953520194E-5	-0.157888083537185
-889.51939	3.4226987E-6	3.90503915662651E-4	-3.25498190484138E-5	-0.152502552215183
-904.59258	3.5178095E-6	3.94531841652324E-4	-3.49877554877321E-5	-0.163924782507199
-919.67051	3.0856175E-6	3.93475134251291E-4	-4.25097767943819E-5	-0.199166989088282
-934.74368	3.1435517E-6	3.39462681583477E-4	-1.02987107979937E-4	-0.482515641295599
-949.81849	2.6592887E-6	3.70618985656913E-4	-7.82950279129191E-5	-0.366828201555271
-964.89403	2.9668224E-6	4.19522895008606E-4	-3.58534701138777E-5	-0.167980832397395
-979.96456	4.957226E-6	4.67730846815835E-4	5.88770948340981E-6	0.0275851217970223
-995.05251	3.8856439E-6	5.18807524956971E-4	5.04899744799169E-5	0.236555845610515
-1010.193	4.1301781E-6	5.13396562248996E-4	3.85866262160713E-5	0.18078622712377
-1025.3482	4.1855951E-6	4.79886212851406E-4	-1.42444666026667E-6	-0.00667382361978591
-1040.5414	3.7172277E-6	4.6777788410786E-4	-2.00286720402392E-5	-0.0938384203941127
-1055.6236	3.9716881E-6	4.39399458405049E-4	-5.48888044514585E-5	-0.257165262714277
-1070.6894	3.1984888E-6	4.48173932874354E-4	-5.25807834113842E-5	-0.246351712609616
-1085.7543	3.8226604E-6	4.44042846242111E-4	-6.3167736930893E-5	-0.295953752777864
-1100.8111	4.2366002E-6	4.5874439242685E-4	-5.49250167189344E-5	-0.257334924585618
-1115.8784	3.2645448E-6	4.61258442914515E-4	-5.88669107205017E-5	-0.275803503317395
-1130.9395	4.123366E-6	4.36344285714286E-4	-9.02441681281439E-5	-0.422812364689587
-1146.0057	3.1212366E-6	4.10468955823293E-4	-1.22594550971558E-4	-0.574380517539253
-1161.159	3.5244888E-6	4.25580918531268E-4	-1.13963326581135E-4	-0.533941467898956
-1176.2816	3.3806938E-6	4.17781946069994E-4	-1.282419427638E-4	-0.600839701855914
-1191.3499	3.8267807E-6	4.2700648020654E-4	-1.25490407169718E-4	-0.587948195455087
-1206.4058	3.4128002E-6	4.08178874354561E-4	-1.50777600719045E-4	-0.706423863442541
-1221.4747	3.1542294E-6	4.21574760183592E-4	-1.4383895002248E-4	-0.673914867353134
-1236.532	3.4574404E-6	4.05890432013769E-4	-1.65983006798483E-4	-0.777664297410349
-1251.5998	4.0477546E-6	4.58063757314974E-4	-1.20270137111357E-4	-0.563490163723219
-1266.6637	3.3413935E-6	4.48685057372346E-4	-1.3610882909842E-4	-0.637697671549444
-1281.7263	4.6381521E-6	4.75145990246701E-4	-1.16108768438175E-4	-0.543993301315948
-1296.7913	2.9191584E-6	4.72274541021228E-4	-1.25439574597253E-4	-0.58771003446792
-1311.8548	5.0603634E-6	5.15430917957544E-4	-8.87431692838016E-5	-0.415779878447689
-1326.9128	3.8109516E-6	5.10946123924268E-4	-9.96882004203553E-5	-0.467059585407548
-1341.9833	4.8346377E-6	5.18895111302352E-4	-9.81989681964937E-5	-0.460082228186539
-1357.0449	3.8495886E-6	5.11175666666667E-4	-1.12378504942309E-4	-0.526516254739788
-1372.1053	4.0093476E-6	5.45782183017785E-4	-8.42323032964344E-5	-0.39464554972067
-1387.1716	5.3665517E-6	5.26131290877797E-4	-1.10342670815134E-4	-0.516977955930227
-1402.2345	4.1624482E-6	5.34185547905909E-4	-1.08748544698135E-4	-0.509509149389898
-1417.2979	3.8008975E-6	4.99186537578887E-4	-1.50208694761835E-4	-0.703758422804736
-1432.3636	4.0870678E-6	4.62355764199656E-4	-1.93499460185503E-4	-0.906584503178285
-1447.4311	3.8116803E-6	4.76819547905909E-4	-1.85495609301131E-4	-0.869084826587124
-1462.4851	4.3055829E-6	5.02624499713138E-4	-1.66759439008243E-4	-0.781302040939255
-1477.5509	4.1836608E-6	5.23022592082616E-4	-1.53134446281058E-4	-0.717466166407402
-1492.6127	4.7783988E-6	5.63762322432587E-4	-1.16411789899248E-4	-0.54541301876878
-1492.758	4.7491407E-6	5.75353219162364E-4	-1.04851503060969E-4	-0.491250713148746
-1477.7572	5.0675027E-6	6.02721076878944E-4	-7.35206456518281E-5	-0.344459245249115
-1462.7654	4.638862E-6	5.680816821572E-4	-1.01434651645622E-4	-0.475242066200337
-1447.7645	4.9458652E-6	5.46994969592656E-4	-1.15464180105513E-4	-0.540973273287135
-1432.7775	3.7758609E-6	5.45793098680436E-4	-1.10218007633993E-4	-0.516393883457718
-1417.6406	4.7769057E-6	5.45092510040161E-4	-1.04467530498145E-4	-0.489451723245783
-1402.6367	4.9015572E-6	5.30542823866896E-4	-1.12569324407287E-4	-0.527410282917894
-1387.6494	4.0610834E-6	5.43550226047045E-4	-9.3122423228348E-5	-0.436297577865569
-1372.6544	4.1181729E-6	5.03356604704532E-4	-1.26892586715424E-4	-0.594517693093951
-1357.6657	4.3277959E-6	4.80555917383821E-4	-1.43265002816613E-4	-0.671225807435437
-1342.6762	3.7837715E-6	4.83787341365462E-4	-1.33604837919337E-4	-0.625965961306556
-1327.6839	3.9638023E-6	4.90446615031555E-4	-1.20516502718958E-4	-0.56464443692767
-1312.6937	4.108442E-6	4.81530416523236E-4	-1.23003445688074E-4	-0.576296272823891
-1297.6977	4.234767E-6	4.77430503729202E-4	-1.20674339833118E-4	-0.565383936053852
-1282.7121	3.5331975E-6	4.59120790017212E-4	-1.3255523298535E-4	-0.621048347755078
-1267.7209	3.6575367E-6	4.47504554790591E-4	-1.37748249288905E-4	-0.645378690077693
-1252.7293	3.7867716E-6	4.54886750430293E-4	-1.23930690018368E-4	-0.580640601948626
-1237.7404	3.9097436E-6	4.55985706827309E-4	-1.16385491420098E-4	-0.545289805021147
-1222.618	3.8695877E-6	4.40544842226047E-4	-1.25375531219765E-4	-0.587409978160237
-1207.604	3.181572E-6	4.31353108433735E-4	-1.28118792775362E-4	-0.60026271900037
-1192.6079	3.6394917E-6	4.40832573149742E-4	-1.1219913472718E-4	-0.525675868636326
-1177.6219	3.905879E-6	4.49529843947217E-4	-9.70773196467355E-5	-0.454827075576561
-1162.6305	4.0069791E-6	4.65349537578887E-4	-7.48299592740208E-5	-0.350593647063684
-1147.6435	3.4871218E-6	4.4351543545611E-4	-9.02358718635565E-5	-0.422773494995057
-1132.6489	3.566916E-6	4.23999093516925E-4	-1.03324003847931E-4	-0.484094067265442
-1117.6624	3.2762566E-6	3.9957330292599E-4	-1.21321596736997E-4	-0.568416466884009
-1102.6745	3.4079531E-6	4.01034258175559E-4	-1.13437036596685E-4	-0.53147569180003
-1087.6777	3.0393395E-6	3.86226795180723E-4	-1.21806084978106E-4	-0.570686393275228
-1072.6806	3.3514049E-6	3.65351440619621E-4	-1.36233398197623E-4	-0.638281303228852
-1057.5475	2.8148481E-6	3.64219676993689E-4	-1.30914968048478E-4	-0.613363371417419
-1042.5565	2.8258381E-6	3.72175934595525E-4	-1.16512382883225E-4	-0.545884317450001
-1027.5684	3.5265321E-6	3.72024900172117E-4	-1.10226040313197E-4	-0.516431518200877
-1012.5748	3.0828068E-6	3.8834495869191E-4	-8.74834208533273E-5	-0.409877699682558
-997.58479	3.0914193E-6	3.7941037578887E-4	-8.99889814314963E-5	-0.421616762880796
-982.59727	3.1548232E-6	3.69753217441193E-4	-9.32168299185932E-5	-0.436739892496786
-967.6001	2.9555587E-6	3.74468207114171E-4	-8.20732020504784E-5	-0.384529719275975
-952.61244	3.3645414E-6	3.89161548479633E-4	-6.09515610795124E-5	-0.285570516146332
-937.62547	3.1033125E-6	3.89757990246701E-4	-5.39266030340807E-5	-0.252657152494772
-922.6362	3.4769359E-6	3.89083618473896E-4	-4.81729835670913E-5	-0.225700269819457
-907.64174	2.8932989E-6	3.685910562249E-4	-6.22362045062898E-5	-0.291589333055226
-892.65188	3.03708E-6	3.71200831899025E-4	-5.31972261848285E-5	-0.24923987294332
-877.65843	2.8973459E-6	3.53127846815835E-4	-6.48413018744296E-5	-0.303794746449981
-862.67291	3.1823295E-6	3.48945767641996E-4	-6.25954766001461E-5	-0.293272596214732
-847.68151	2.5371475E-6	3.39753585771658E-4	-6.53590451896629E-5	-0.30622047965753
-832.69365	2.692581E-6	3.25705439472174E-4	-7.29789065871729E-5	-0.34192108705316
-817.69793	2.7322024E-6	2.98084150315548E-4	-9.41745156130985E-5	-0.441226845632064
-802.71162	2.3024652E-6	2.87082987378084E-4	-9.87443330678705E-5	-0.462637374027742
-787.71804	2.1767003E-6	2.95825016064257E-4	-8.3558849724769E-5	-0.391490282149915
-772.64437	2.4582555E-6	2.9362776993689E-4	-7.93080016186849E-5	-0.371574190318723
-757.58801	2.9551612E-6	2.94785765920826E-4	-7.17012779241924E-5	-0.335935135745781
-742.60128	1.9579274E-6	2.75913342512909E-4	-8.41357012765686E-5	-0.394192949521672
-727.60437	2.0682051E-6	2.59363545037292E-4	-9.42524202950504E-5	-0.441591844983044
-712.61659	1.9659263E-6	2.48477872059667E-4	-9.86974006331096E-5	-0.462417485982525
-697.53208	2.3365694E-6	2.33912641422834E-4	-1.0681304299442E-4	-0.5004409284823
-682.48868	1.8860864E-6	2.28813971313827E-4	-1.05464251121788E-4	-0.494121562998964
-667.49173	1.2510785E-6	2.26408457831325E-4	-1.0142862371126E-4	-0.475213824096336
-652.50952	2.3695423E-6	2.1740285427424E-4	-1.04005493704475E-4	-0.48728698647268
-637.51428	1.8581063E-6	2.25102113597246E-4	-8.98795493053008E-5	-0.421104051012434
-622.52063	1.740251E-6	2.39610676993689E-4	-6.89427994388524E-5	-0.323011100480967
-607.53583	1.7772304E-6	2.10784691336776E-4	-9.13419584981165E-5	-0.42795573685301
-592.5461	1.8714797E-6	1.87129503155479E-4	-1.08570220628717E-4	-0.508673664692822
-577.55442	1.2252726E-6	1.6129588410786E-4	-1.27963058202941E-4	-0.599533070711784
-562.51319	9.411387E-7	1.47850214572576E-4	-1.34959409027428E-4	-0.632312403688723
-547.41893	1.41333E-6	1.56095777969019E-4	-1.20264035985642E-4	-0.563461578702776
-532.42578	1.7149626E-6	2.17557424325875E-4	-5.23580268246327E-5	-0.245308052491204
-517.43871	1.9270801E-6	2.16884964199656E-4	-4.65972436916457E-5	-0.218317606577143
-502.44386	2.1682612E-6	1.94108058634538E-4	-6.29478223749357E-5	-0.294923408154353
-487.44464	5.0229712E-7	1.71615220080321E-4	-7.90078544873319E-5	-0.370167939687857
-472.43789	1.4252291E-6	1.33531323981641E-4	-1.10657885489995E-4	-0.518454801080748
-457.4331	1.2574861E-6	1.14468017096959E-4	-1.23286646219295E-4	-0.577623125170923
-442.43668	6.4413109E-7	1.26134855421687E-4	-1.05185458398907E-4	-0.492815362134521
-427.4274	9.2190496E-7	8.95458491107286E-5	-1.35340426030501E-4	-0.634097546190427
-412.42611	6.0143615E-7	4.97179602409638E-5	-1.68733798560377E-4	-0.790552318805409
-397.42166	3.376801E-7	6.64964120481927E-5	-1.45521147356027E-4	-0.681796305536062
-382.4194	1.2696853E-7	6.70383652897303E-5	-1.38546200406871E-4	-0.649117254087888
-367.42262	1.4500248E-6	8.40541012621916E-5	-1.1509659852153E-4	-0.539251078468741
-352.41812	4.8569563E-7	9.56524032702237E-5	-9.7064851693394E-5	-0.454768660667935
-337.41199	6.7390373E-7	8.68597165806081E-5	-9.94240594588839E-5	-0.465822031038688
-322.41463	5.0370395E-7	5.01035532989099E-5	-1.29745558344309E-4	-0.607884448041358
-307.41109	3.4394197E-7	4.69002333907057E-5	-1.2651513078474E-4	-0.592749234943928
-292.40259	3.2101912E-7	4.56776574297189E-5	-1.21303712585387E-4	-0.56833267597996
-277.40588	2.1002358E-7	2.57918604016064E-5	-1.3475565411562E-4	-0.631357770299492
-262.39948	4.308061E-7	2.03817256454389E-6	-1.52080335965067E-4	-0.71252744422078
-247.39884	-4.6748293E-7	5.06505981640849E-6	-1.42609785143611E-4	-0.668155978775539
-232.38272	5.3782166E-8	2.46116837177281E-5	-1.16610172775339E-4	-0.546342483073165
-217.24212	7.7607652E-7	4.48149830522088E-5	-8.99577336230157E-5	-0.421470360514093
-202.24097	5.3428561E-7	5.87383674010327E-5	-6.95752508776656E-5	-0.325974264682516
-187.24064	2.067241E-7	2.2779039632817E-5	-9.90760340823377E-5	-0.4641914610475
-172.10187	-2.4709897E-7	1.05558293172691E-5	-1.04850074764551E-4	-0.491244021288221
-157.08738	-1.231395E-7	-1.25537652897303E-5	-1.21507202063067E-4	-0.569286065756077
-142.08041	5.2552433E-7	-1.68616393574297E-5	-1.19370561798563E-4	-0.559275469598294
-127.0796	-7.2039473E-7	6.95552742398164E-6	-8.91235031826665E-5	-0.417561820466616
-112.07277	1.9355692E-7	5.81341520367183E-6	-8.38358305979398E-5	-0.392787994128299
-97.07135	4.9118716E-7	8.59508502581755E-6	-7.4616673812203E-5	-0.34959436110055
-82.070949	-1.7114156E-7	1.6776008605852E-5	-5.99921440676113E-5	-0.281075451435344
-66.970096	1.3790103E-7	7.90352989099254E-6	-6.24028867563656E-5	-0.292370273450247
-51.912796	-3.619254E-7	-2.34122828571429E-5	-8.72470820319826E-5	-0.408770404020208
-36.773898	2.9408197E-7	-1.83188071830178E-5	-7.56850980510149E-5	-0.354600146939945
-21.752762	-8.2099313E-7	-3.52065215949512E-5	-8.61208427056008E-5	-0.403493742683846
-6.7526095	9.0201356E-8	-2.22477016810097E-5	-6.67206054436653E-5	-0.312599667616187
8.2455373	-4.0968951E-7	-2.9716985966724E-5	-6.77608332228837E-5	-0.317473347281809
23.249499	5.2298985E-8	-2.83730897705106E-5	-5.9984560597768E-5	-0.281039921329815
38.253752	-5.5595914E-7	-5.52494867584624E-5	-8.04274697046935E-5	-0.376819127010562
53.250317	-7.7608731E-7	-7.16743061904762E-5	-9.04182871038515E-5	-0.423628147663526
68.255561	-4.4902053E-7	-7.16660526333907E-5	-8.39763189454679E-5	-0.393446210738433
83.259986	-6.8049561E-7	-6.26025119219736E-5	-6.84787232786959E-5	-0.320836808859228
98.261325	-1.7434238E-8	-3.48528723809524E-5	-3.4294653270488E-5	-0.160677457017662
113.26455	-6.0801318E-7	-2.62988173723465E-5	-1.93075766583984E-5	-0.0904599412093979
128.26436	1.5451838E-7	-4.36356393803787E-5	-3.02109326691588E-5	-0.141544391690629
143.26296	-5.5478429E-7	-5.1645482983362E-5	-3.17874148333096E-5	-0.148930532707177
158.27143	-8.2875109E-7	-2.43402179001721E-5	1.95167736177699E-6	0.00914400717032833
173.27009	2.6648551E-7	-4.02422474239816E-5	-7.51552480162988E-6	-0.0352117691278199
188.27764	4.160343E-8	-1.29602115662651E-5	2.62010715065675E-5	0.122757372923668
203.2816	-7.4207927E-7	-2.05324997246127E-5	2.50622253093034E-5	0.117421645821622
218.27923	-2.1445552E-8	-6.98538682960413E-5	-1.78252346681635E-5	-0.0835148661406143
233.28083	-8.7219751E-7	-7.08896993803787E-5	-1.24276948584814E-5	-0.058226289407353
248.2863	-8.2721337E-7	-7.41968439816408E-5	-9.30111751893313E-6	-0.0435776358074647
263.28828	-2.7502557E-7	-8.67914628571429E-5	-1.54615753898665E-5	-0.0724406395229102
278.29043	-9.8789144E-7	-8.35510497418244E-5	-5.78698840439022E-6	-0.0271132229643588
293.29332	-6.425873E-7	-1.01648000573723E-4	-1.74495827972943E-5	-0.0817548603793914
308.29876	-1.0947596E-6	-1.12915319678715E-4	-2.22830255744049E-5	-0.104400527269246
323.30189	-9.3974661E-7	-1.02737515318417E-4	-5.67112698807229E-6	-0.0265703885582606
338.29873	-6.3333032E-7	-1.08525680780264E-4	-5.02573939549441E-6	-0.0235466158334492
353.30585	-8.9489729E-7	-9.18171703958692E-5	1.81125754599088E-5	0.0848611164540649
368.30469	-8.3814388E-7	-8.64147699368904E-5	2.99516273339361E-5	0.140329493218669
383.30934	-5.1934266E-7	-8.14471830177854E-5	4.13682031554801E-5	0.193818483364943
398.40074	-6.3857102E-7	-6.0762434595525E-5	6.85073997785278E-5	0.320971164119589
413.46679	-6.1328163E-7	-9.73730621342513E-5	3.8350684578588E-5	0.179680792348956
428.4702	-7.7866007E-7	-1.21545430866322E-4	2.0625099627811E-5	0.0966328054928734
443.46829	-1.8677339E-6	-1.39885086689616E-4	8.71902626600411E-6	0.0408504193654385
458.47212	-6.5458757E-7	-1.34031020137694E-4	2.10035752850636E-5	0.0984060412702056
473.47216	-9.9606776E-7	-8.83421933448078E-5	7.31264730233937E-5	0.342612465954882
488.47564	-4.2127933E-7	-7.22278013769363E-5	9.56751244278019E-5	0.448257504505421
503.48433	-3.8828554E-7	-8.76207209409065E-5	8.67166013291042E-5	0.406284993549276
518.48191	-1.6201848E-6	-1.23813394320138E-4	5.69585041249628E-5	0.266862228527171
533.48844	-8.7730932E-7	-1.64505772231784E-4	2.26998052688294E-5	0.106353225286296
548.48884	-2.002724E-6	-1.8680620390132E-4	6.83267791899491E-6	0.032012491976106
563.48819	-1.3170313E-6	-1.94053767412507E-4	6.01856167849922E-6	0.0281981910643019
578.49191	-1.7393269E-6	-2.21274556855995E-4	-1.47690906979477E-5	-0.0691962072656836
593.49173	-1.9633772E-6	-1.87130115318416E-4	2.5809632127248E-5	0.120923399459946
608.49778	-1.5648214E-6	-2.02608605851979E-4	1.676527237433E-5	0.0785487262422315
623.50307	-1.1188008E-6	-1.89484655765921E-4	3.63237776012611E-5	0.170184319060261
638.50191	-2.1268997E-6	-1.9003665404475E-4	4.22063346675197E-5	0.197745300730284
653.51019	-1.5483775E-6	-2.24614492828457E-4	1.40620021728431E-5	0.0658833530663984
668.5087	-2.0056835E-6	-2.58497562478485E-4	-1.33871831848924E-5	-0.0627216882413903
683.50926	-2.2763696E-6	-2.101597205393E-4	4.13843039099995E-5	0.193893918689273
698.51559	-1.769852E-6	-2.09419457716581E-4	4.85579676464466E-5	0.22750399888402
713.51268	-6.9239773E-7	-1.94117553126793E-4	7.0293040548278E-5	0.329337255934765
728.51755	-2.2127436E-6	-1.67465667699369E-4	1.03378889707903E-4	0.48435121873267
743.5146	-1.6291414E-6	-2.00097792828457E-4	7.71808075467085E-5	0.361607851502802
758.52677	-1.3064171E-6	-2.28628103499713E-4	5.50843007067587E-5	0.258081202610516
773.5248	-2.4526211E-6	-2.22200206540447E-4	6.79459980256641E-5	0.318340882212262
788.52138	-1.7686306E-6	-2.373410562249E-4	5.92384293803228E-5	0.277544144140437
803.52959	-2.1724717E-6	-2.66045761331038E-4	3.69672240283112E-5	0.173198997027992
818.52734	-1.934245E-6	-2.45258194492255E-4	6.41895988270059E-5	0.300741384528961
833.54001	-2.6130642E-6	-2.74291683304647E-4	4.15906363610721E-5	0.194860628376555
848.53835	-1.8185005E-6	-2.7308476821572E-4	4.92314616776865E-5	0.230659456016147
863.53817	-2.6802891E-6	-2.8020511761331E-4	4.85450800966112E-5	0.227443618080097
878.54385	-2.0099516E-6	-2.59440816408491E-4	7.57429715231133E-5	0.354871295980357
893.54513	-2.1892973E-6	-2.35248191049914E-4	1.0636979158185E-4	0.49836420505753
908.55101	-1.7157894E-6	-2.2966007458405E-4	1.18391703914608E-4	0.554689320429933
923.54837	-1.7216933E-6	-2.79200485943775E-4	7.52846697795894E-5	0.352724058680262
938.55068	-3.1223568E-6	-2.85204084911073E-4	7.57149693996838E-5	0.354740100311216
953.55483	-2.7415327E-6	-2.94126186460126E-4	7.32263451410305E-5	0.343080387230023
968.55836	-1.5943362E-6	-2.70851196213425E-4	1.0293536957435E-4	0.482273236295191
983.55678	-2.2382819E-6	-2.7229265404475E-4	1.0792736738656E-4	0.505661765917503
998.5599	-2.3365197E-6	-2.94257275960987E-4	9.23963640779891E-5	0.432895842411242
1013.5604	-3.3815602E-6	-3.12461285714286E-4	8.06257047971396E-5	0.377747898918378
1028.5633	-1.9585321E-6	-2.94369211703959E-4	1.05150349175936E-4	0.492650868252043
1043.5563	-1.9805934E-6	-2.65401499139415E-4	1.4054846619722E-4	0.658498278381362
1058.5461	-2.2235918E-6	-2.16479095811819E-4	1.95899875920863E-4	0.917830941306726
1073.5332	-1.8889317E-6	-2.50350966150316E-4	1.68455459939082E-4	0.789248245499673
1088.5236	-1.9179261E-6	-2.80131975903614E-4	1.4510009723354E-4	0.679823599691083
1103.5104	-2.9581205E-6	-2.84376460126219E-4	1.47283420660815E-4	0.690052916003881
1118.5034	-2.6672667E-6	-3.15762076305221E-4	1.22338665599332E-4	0.573181642292636
1133.5477	-2.1960906E-6	-3.41521413080895E-4	1.0302757029663E-4	0.482705215515809
1148.6311	-3.2295333E-6	-3.39196532415376E-4	1.11801717597942E-4	0.52381388819297
1163.626	-3.1116592E-6	-3.53942711417097E-4	1.03499148457082E-4	0.484914655541603
1178.6142	-2.7998694E-6	-3.69574995983936E-4	9.42995849699005E-5	0.441812821120526
1193.6054	-2.9082218E-6	-3.6177301319564E-4	1.08526579695122E-4	0.508469198003026
1208.5978	-3.1221099E-6	-3.51444767068273E-4	1.25283556527339E-4	0.586979057935665
1223.586	-2.9820992E-6	-3.29940271371199E-4	1.53216976934179E-4	0.717852839378405
1238.5788	-2.3273004E-6	-3.27720424555364E-4	1.61865199119543E-4	0.758371527160673
1253.5665	-2.5490317E-6	-3.35045641422834E-4	1.6096847606671E-4	0.754170196456379
1268.5557	-3.4172943E-6	-3.53917294320138E-4	1.48525026997746E-4	0.695870095354311
1283.5476	-3.0789936E-6	-3.84346956397017E-4	1.24523585086464E-4	0.583418436471942
1298.5336	-2.9256967E-6	-3.55205497418244E-4	1.60093384718096E-4	0.750070214705743
1313.527	-2.8981102E-6	-3.23143294320138E-4	1.98583981565145E-4	0.930406524616711
1328.5151	-2.1530258E-6	-3.14719138841079E-4	2.13437864321678E-4	1
1343.5093	-3.0215392E-6	-3.46233277108434E-4	1.88352810052336E-4	0.882471395836612
1358.5062	-2.95112E-6	-3.5686928973035E-4	1.84141527549678E-4	0.862740676940775
1373.4849	-3.602997E-6	-3.81255090074584E-4	1.66189083395933E-4	0.778629808371136
1388.4826	-2.5395586E-6	-3.65042588640275E-4	1.88845014981285E-4	0.88477747648689
1403.5732	-3.2421364E-6	-3.71024816982215E-4	1.89311285424102E-4	0.886962048771185
1418.6078	-3.0986318E-6	-3.91366127366609E-4	1.75418332915628E-4	0.821870727919441
1433.6003	-3.6634822E-6	-4.33637370625359E-4	1.39587407560632E-4	0.653995522323332
1448.5897	-3.8758346E-6	-4.39481779116466E-4	1.40171662383193E-4	0.656732875531105
1463.581	-3.4746019E-6	-4.37130587779722E-4	1.48949772010631E-4	0.697860112515675
1478.5677	-3.4896389E-6	-4.22985424268774E-4	1.69517624504456E-4	0.794224703490153
1493.5245	-3.319106E-6	-3.97046288583613E-4	2.0187521986581E-4	0.945826648459894
