Field	M	M over mass	M with diamagnetism	M/Ms
kOe	emu	emu/g	emu/g	
x=0,d=12%	x=0,d=12%	x=0,d=12%	x=0,d=12%	x=0,d=12%
1.9763748	4.7452082E-6	5.16792632158791E-4	5.23344916295707E-4	0.879525634568483
1.9257173	4.9227429E-6	5.32365851457037E-4	5.25660067185168E-4	0.883416442507515
1.8750595	4.9112926E-6	5.31361439176335E-4	5.27426377809631E-4	0.886384877710482
1.8244196	4.8755663E-6	5.28227553211422E-4	5.28643848169096E-4	0.888430940177384
1.7735588	4.8946556E-6	5.29902053211423E-4	5.29312478263564E-4	0.889554629908222
1.7226216	4.7797572E-6	5.19823246193879E-4	5.29432268093032E-4	0.889755946902995
1.6719881	4.9191821E-6	5.32053500579844E-4	5.29123845752215E-4	0.8892376169325
1.6213355	5.0024013E-6	5.39353430404405E-4	5.28677573556574E-4	0.888487618558885
1.5707033	4.7072642E-6	5.13464211106159E-4	5.23561690045349E-4	0.879889941288153
1.5200657	4.8435416E-6	5.25418369000896E-4	5.14232550062525E-4	0.864211528241841
1.4694236	4.8365657E-6	5.24806447948265E-4	5.18886766682162E-4	0.872033335043329
1.4187918	4.560899E-6	5.0062515847458E-4	5.14800576153393E-4	0.865166144389751
1.3681518	4.4533167E-6	4.91188114614931E-4	5.11679263226554E-4	0.859920512594764
1.3175187	4.72093E-6	5.14662965492124E-4	5.15697567463253E-4	0.866673614561795
1.2668804	5.3094218E-6	5.66285053211423E-4	5.12782529451557E-4	0.861774645302333
1.2162447	4.2884528E-6	4.76726369000896E-4	5.09313206893997E-4	0.855944153729857
1.1656017	4.6535561E-6	5.08752974264054E-4	5.09025104411684E-4	0.855459973009481
1.114965	4.7603826E-6	5.18123719878089E-4	5.10523330682489E-4	0.857977869659523
1.0643335	4.3066236E-6	4.78320298825457E-4	4.99137236113316E-4	0.83884256951733
1.0136945	4.4354446E-6	4.89620386544756E-4	4.85225956822431E-4	0.815463481720743
0.96305661	4.609602E-6	5.04897351457036E-4	4.8207338110575E-4	0.810165310148991
0.91242233	4.4534372E-6	4.9119868479037E-4	4.6770174265648E-4	0.78601254964001
0.86148956	3.6647596E-6	4.22016439176335E-4	4.6460563929493E-4	0.780809284663191
0.81064088	3.9168158E-6	4.44126632158791E-4	4.64832670845251E-4	0.781190830489176
0.76000851	4.0797465E-6	4.58418798825458E-4	4.48901192212772E-4	0.754416625911009
0.70937328	4.0850526E-6	4.58884246193879E-4	4.39479240529952E-4	0.738582234910594
0.65873382	4.2549728E-6	4.73789526895633E-4	4.41588515813148E-4	0.742127051386626
0.60810071	3.5817712E-6	4.14736754965808E-4	4.37930821133559E-4	0.73597998444482
0.55746428	3.1630491E-6	3.78006746193879E-4	4.32093253595833E-4	0.726169455799017
0.50683157	3.9410695E-6	4.4625414970265E-4	4.14313090200749E-4	0.696288379274034
0.45619244	3.709212E-6	4.25915772509668E-4	4.01195944083708E-4	0.674243899805356
0.40555983	2.9540713E-6	3.59675360228966E-4	3.82183651403873E-4	0.642292125243004
0.35492601	3.2861658E-6	3.88806456720194E-4	3.51466987047762E-4	0.590670158795218
0.30428453	2.1251249E-6	2.86960763737738E-4	3.1478791008379E-4	0.529027850945044
0.25365708	2.3700334E-6	3.08443965492124E-4	2.73638838661061E-4	0.459873337300107
0.20274615	1.3226933E-6	2.16572026895633E-4	2.46470515117119E-4	0.414214659321003
0.15187936	7.2590688E-7	1.64222340930721E-4	2.28980284037088E-4	0.384820838705916
0.10123391	1.3638571E-6	2.20182886544756E-4	1.82054354508605E-4	0.305957823778042
0.050600864	1.1278718E-6	1.99482421632475E-4	1.64230670255139E-4	0.276003606749745
-3.6918599E-5	6.250123E-7	1.55371939176335E-4	1.31791164249741E-4	0.221486258408169
-0.050676753	-6.2243116E-8	9.50863763693173E-5	1.12729176389356E-4	0.189450966869063
-0.1013165	-1.4670297E-6	-2.81405169640161E-5	6.13507276734517E-5	0.103105114825921
-0.15195454	5.6465022E-8	1.05499370930721E-4	-2.77361655056018E-7	-4.66129846822227E-4
-0.20259293	-1.6453661E-6	-4.37840608236652E-5	-3.82232452705633E-5	-0.0642374139980439
-0.25322777	-1.9051955E-6	-6.65761134552441E-5	-6.86286744755688E-5	-0.115336323308456
-0.30386262	-3.4652331E-6	-2.03421516964016E-4	-1.1243687098111E-4	-0.188959722774261
-0.35449851	-2.4725786E-6	-1.16346560823665E-4	-1.48509598038322E-4	-0.249583008045046
-0.40512833	-2.3681073E-6	-1.07182411700858E-4	-1.92134935275062E-4	-0.322899096960158
-0.45576483	-3.6448372E-6	-2.19176262578051E-4	-1.82093110633504E-4	-0.30602295674157
-0.50640194	-4.5224344E-6	-2.96158473104367E-4	-2.02139566773855E-4	-0.339712730939604
-0.55703048	-3.3612707E-6	-1.94302008192086E-4	-2.31859226611094E-4	-0.389659146512957
-0.60766937	-3.424805E-6	-1.99875192402613E-4	-2.61389466827019E-4	-0.439287226305358
-0.65830652	-3.4382079E-6	-2.01050885385069E-4	-2.77449014735251E-4	-0.466276662191824
-0.70893532	-5.9854013E-6	-4.24488902928928E-4	-2.88874782452913E-4	-0.485478636433666
-0.75956797	-5.1930127E-6	-3.54981130999104E-4	-3.13480120550488E-4	-0.526829999426201
-0.81020807	-3.9329211E-6	-2.44446780121911E-4	-3.42052600696073E-4	-0.574848481977089
-0.86084599	-5.2078688E-6	-3.56284297665771E-4	-3.61722553258131E-4	-0.607905509895749
-0.91147606	-5.6816011E-6	-3.97839762578051E-4	-3.65953632655342E-4	-0.615016198613396
-0.96211715	-5.5157757E-6	-3.83293674858753E-4	-3.52578929674113E-4	-0.592538872933052
-1.012751	-5.1340707E-6	-3.49810780121911E-4	-3.75355291817817E-4	-0.630816486307793
-1.063383	-5.9486785E-6	-4.21267604683314E-4	-4.1404744723842E-4	-0.695841943686841
-1.1140139	-5.5472307E-6	-3.86052885385069E-4	-4.28046168479168E-4	-0.719367985115815
-1.1646486	-6.1349756E-6	-4.37609455560507E-4	-4.52752333469148E-4	-0.760888796274872
-1.2152798	-7.1325588E-6	-5.25116753806121E-4	-5.0302978991621E-4	-0.84538433718714
-1.2659246	-7.7504871E-6	-5.79320990648226E-4	-5.34378501689817E-4	-0.898068513066297
-1.3165562	-7.0209569E-6	-5.15327113455244E-4	-5.56090135211266E-4	-0.934556759451939
-1.3671922	-7.793025E-6	-5.83052385385069E-4	-5.83657036184561E-4	-0.980885280694179
-1.4178277	-8.3460573E-6	-6.31563990648227E-4	-5.65831318133607E-4	-0.950927645696257
-1.4684607	-6.7755696E-6	-4.93801911700858E-4	-5.40724303207013E-4	-0.908733172132372
-1.5190985	-7.6542734E-6	-5.70881192402612E-4	-5.37436430573798E-4	-0.903207622587386
-1.5697334	-7.2201013E-6	-5.32795920472788E-4	-5.45855975517159E-4	-0.917357383822294
-1.6203667	-5.8793751E-6	-4.15188359069279E-4	-5.24240333060201E-4	-0.881030458583148
-1.6710043	-7.6422149E-6	-5.69823429244718E-4	-5.26077061477982E-4	-0.884117236875776
-1.7216358	-8.2260553E-6	-6.21037499420156E-4	-5.20635929633218E-4	-0.874972952122979
-1.7722719	-7.1016477E-6	-5.22405253806121E-4	-5.15974522464364E-4	-0.867139060992082
-1.8229056	-6.2060616E-6	-4.43845069595595E-4	-5.28926804004461E-4	-0.888906471519917
-1.8735419	-7.5799404E-6	-5.64360753806121E-4	-5.41965612596454E-4	-0.910819298116306
-1.9241773	-6.3123895E-6	-4.53172078367525E-4	-5.37217124108334E-4	-0.902839059423406
-1.9748207	-8.3201667E-6	-6.29292885385069E-4	-5.43977364528732E-4	-0.914200218308204
-1.9768172	-7.785074E-6	-5.82354929244718E-4	-5.67272212297922E-4	-0.953349190866096
-1.9265874	-7.6568223E-6	-5.71104780121911E-4	-5.78636540028671E-4	-0.972447909985368
-1.8762813	-7.736793E-6	-5.78119753806121E-4	-5.63878714526687E-4	-0.947646129294814
-1.8262693	-7.2686889E-6	-5.37057990648227E-4	-5.64186266115449E-4	-0.948162995892436
-1.7762609	-7.5164336E-6	-5.58789981876297E-4	-5.48478792308554E-4	-0.921765250471954
-1.7262583	-7.2078298E-6	-5.31719473104367E-4	-5.45919476437291E-4	-0.917464102518389
-1.6762499	-7.151483E-6	-5.26776771349981E-4	-5.47891218616165E-4	-0.920777782917454
-1.6262425	-7.783706E-6	-5.82234929244718E-4	-5.54662151017097E-4	-0.932156910584734
-1.5762338	-7.7167111E-6	-5.76358183630683E-4	-5.61068398900793E-4	-0.942923154909779
-1.5262328	-7.1536779E-6	-5.269693064377E-4	-5.63922832917069E-4	-0.947720274001465
-1.4762244	-7.8777109E-6	-5.90480973104367E-4	-5.65825134209344E-4	-0.950917253085682
-1.4262216	-7.6410702E-6	-5.69723016964016E-4	-5.60734926627452E-4	-0.942362726397553
-1.3762316	-7.2573713E-6	-5.36065218718402E-4	-5.49877704568809E-4	-0.92411624148208
-1.3262244	-7.4303366E-6	-5.51237613455244E-4	-5.42354754071937E-4	-0.911473283456575
-1.2762204	-7.1224189E-6	-5.24227288893841E-4	-5.37833675615306E-4	-0.903875226659448
-1.22622	-7.1258829E-6	-5.24531148542963E-4	-5.19239198230118E-4	-0.872625626228752
-1.1762131	-7.035884E-6	-5.16636508192086E-4	-5.13287711111973E-4	-0.862623646040881
-1.1262115	-6.8558377E-6	-5.00842973104367E-4	-5.00696638728217E-4	-0.841463278215766
-1.0762136	-6.9009007E-6	-5.04795867841209E-4	-4.98339732929337E-4	-0.83750229760082
-1.0262033	-6.5036189E-6	-4.69946587139455E-4	-4.97508284763468E-4	-0.836104978255726
-0.9762058	-6.7997965E-6	-4.95927078367525E-4	-4.86390092476223E-4	-0.817419910679435
-0.9261134	-6.4105743E-6	-4.61784780121911E-4	-4.7576675687323E-4	-0.79956649184126
-0.87570401	-7.1315748E-6	-5.25030438016648E-4	-4.63702210232736E-4	-0.779290995300914
-0.82570494	-6.0700663E-6	-4.31915657314893E-4	-4.50274438977675E-4	-0.756724483873726
-0.77570794	-5.7206105E-6	-4.01261639771034E-4	-4.32837252885989E-4	-0.727419809872243
-0.72569677	-5.9655626E-6	-4.22748666086823E-4	-4.16251017393411E-4	-0.699545230713307
-0.67569177	-5.7580895E-6	-4.04549271349981E-4	-4.01926975578501E-4	-0.675472460395756
-0.62569209	-5.6456398E-6	-3.94685262578051E-4	-3.93547526615184E-4	-0.66139008386488
-0.57569417	-5.3718583E-6	-3.7066934152542E-4	-3.93195172670882E-4	-0.660797923098998
-0.52568656	-5.7454565E-6	-4.03441113455244E-4	-3.80160675737991E-4	-0.638892342612371
-0.4756893	-5.3012027E-6	-3.64471481876297E-4	-3.58528846882635E-4	-0.602538214754305
-0.42553742	-5.4664679E-6	-3.78968429244718E-4	-3.4729710644179E-4	-0.583662319850299
-0.37518032	-4.4742919E-6	-2.91935446788578E-4	-3.34117267015135E-4	-0.561512478943677
-0.32519146	-4.432991E-6	-2.88312560823665E-4	-3.15553554341843E-4	-0.530314581227406
-0.27518548	-4.48729E-6	-2.93075630999104E-4	-2.89486588407193E-4	-0.486506828364868
-0.2251821	-4.6874462E-6	-3.10633192402613E-4	-2.70410485577274E-4	-0.454447815419191
-0.17517393	-3.8682274E-6	-2.38771894156998E-4	-2.30398846351003E-4	-0.387204853302164
-0.12517942	-3.2881207E-6	-1.8788534152542E-4	-1.94471273803668E-4	-0.326825512528467
-0.075177898	-2.8978175E-6	-1.53648218718402E-4	-1.52966632643074E-4	-0.257073433703109
-0.025036869	-2.3828104E-6	-1.08472157314893E-4	-1.07033821589215E-4	-0.179879438821859
0.025338377	-1.160407E-6	-1.24378889384064E-6	-6.16020724909453E-5	-0.103527521164873
0.075340299	-1.641296E-6	-4.34270345078757E-5	-1.44489433759083E-5	-0.0242826780118358
0.12534531	-1.3366117E-6	-1.67003415254196E-5	2.82687046222924E-5	0.0475079619523853
0.17534979	-3.5281936E-7	6.9597232158791E-5	6.71929442452425E-5	0.112923456568802
0.22535266	2.5743696E-7	1.23128488299142E-4	1.06356662909619E-4	0.178741416078481
0.27535799	9.8821211E-7	1.87231571632475E-4	1.40322195993494E-4	0.235823382691438
0.32536013	5.6090635E-7	1.49748610228966E-4	1.9236836423461E-4	0.323291394176354
0.37535615	1.1302655E-6	1.99692395316686E-4	2.104953490422E-4	0.353755333577077
0.4253585	1.7409451E-6	2.53260781281598E-4	2.21084796063015E-4	0.371551799771179
0.47535955	1.74627E-6	2.53727877772826E-4	2.53151823429801E-4	0.425443166086775
0.52535623	2.1199329E-6	2.86505325141247E-4	2.78247537914731E-4	0.467618648297509
0.5753581	1.2262369E-6	2.08110939176335E-4	2.96371323055613E-4	0.498077210386246
0.62535811	2.9304068E-6	3.57599526895633E-4	3.13836347878744E-4	0.527428669743192
0.6753589	3.6353688E-6	4.19438298825458E-4	3.43947000334475E-4	0.578032181660053
0.72536427	2.2766707E-6	3.00254254965809E-4	3.47529225726042E-4	0.584052416045793
0.77536313	2.5353521E-6	3.22945605843001E-4	3.53123630257184E-4	0.593454288581619
0.82535428	3.7935516E-6	4.33313983035984E-4	3.8056154030912E-4	0.639566029611748
0.87537045	3.5261862E-6	4.09860877772826E-4	3.91911642321143E-4	0.658640841201016
0.92535924	2.0857751E-6	2.83509026895633E-4	4.18904699451148E-4	0.704004969067687
0.97536243	4.4754151E-6	4.93126570755282E-4	4.71729549714919E-4	0.792781621907048
1.0253648	5.2818582E-6	5.638671935623E-4	4.82235194114379E-4	0.810437250669791
1.0753633	4.5833855E-6	5.0259765847458E-4	4.85924107192529E-4	0.816636782785041
1.1253633	4.6537505E-6	5.08770026895633E-4	5.21272653608102E-4	0.876043020906714
1.1757506	4.7703651E-6	5.18999377772826E-4	5.04630165651614E-4	0.848073904698738
1.2258702	3.2477051E-6	3.85432711106159E-4	4.62818492973415E-4	0.777805833299562
1.2758643	4.6253077E-6	5.06275044439493E-4	4.38868541965359E-4	0.737555904041927
1.3258599	4.6447578E-6	5.079811935623E-4	4.24773957190484E-4	0.713868755792079
1.3758724	1.8027305E-6	2.58680553211422E-4	4.3597306701341E-4	0.732689812167919
1.4258673	4.6016263E-6	5.04197728650019E-4	4.60259782487994E-4	0.773505702748383
1.4758668	4.3604575E-6	4.83042570755282E-4	5.09201847776507E-4	0.855757005263471
1.5258695	4.7541215E-6	5.17574500579844E-4	5.30369779952518E-4	0.891331515304358
1.5758659	6.4083305E-6	6.62680553211422E-4	5.62024869062238E-4	0.944530584349709
1.6258652	5.6075705E-6	5.92438447948265E-4	5.95030884520464E-4	1
1.6758647	5.8334683E-6	6.12254044439493E-4	5.82464565786567E-4	0.978881232788404
1.7258633	4.7297211E-6	5.15434114614931E-4	5.89752291607529E-4	0.99112887574367
1.7758591	5.107968E-6	5.4861366724651E-4	5.87985560032672E-4	0.988159733097771
1.825866	5.3544894E-6	5.70238351457036E-4	5.8087479289981E-4	0.976209484265573
1.8758733	5.6878101E-6	5.99477009351773E-4	5.68419990208943E-4	0.955278129247078
1.925859	5.4116954E-6	5.75256421632475E-4	5.50621151960043E-4	0.925365668042238
1.9758593	4.7400889E-6	5.16343570755282E-4	5.27478278153151E-4	0.886472100651122
