H	M	M over mass
Oe	emu	emu/g
x=1.0%, d =1%	x=1.0%, d =1%	x=1.0%, d =1%
9844.1769	-7.2061946E-4	-0.0610694457627119
9515.8767	-6.8428591E-4	-0.0579903313559322
9187.6826	-6.6298637E-4	-0.0561852855932203
8859.6358	-6.2680197E-4	-0.0531188110169492
8531.6988	-6.00247E-4	-0.0508683898305085
8203.8262	-5.7109027E-4	-0.0483974805084746
7875.9932	-5.397206E-4	-0.0457390338983051
7548.185	-5.2014368E-4	-0.0440799728813559
7220.3636	-4.9820047E-4	-0.0422203788135593
6892.6132	-4.6526146E-4	-0.0394289372881356
6564.8144	-4.4741185E-4	-0.0379162584745763
6237.0626	-4.0914274E-4	-0.034673113559322
5909.2497	-3.7801123E-4	-0.03203485
5579.7446	-3.5487895E-4	-0.0300744872881356
5250.4608	-3.2895779E-4	-0.0278777788135593
4922.6836	-2.920871E-4	-0.0247531440677966
4594.9055	-2.783586E-4	-0.0235897118644068
4267.1621	-2.3656168E-4	-0.0200476
3939.3264	-2.171052E-4	-0.0183987457627119
3611.4906	-1.8052065E-4	-0.0152983601694915
3283.6129	-1.6348696E-4	-0.0138548271186441
2955.7535	-1.1530602E-4	-0.00977169661016949
2627.9058	-9.7133784E-5	-0.00823167661016949
2300.0291	-7.1470122E-5	-0.00605679
1972.2006	-3.4320611E-5	-0.0029085263559322
1644.3405	-1.5497769E-6	-1.31337025423729E-4
1316.4909	1.5185435E-5	0.00128690127118644
992.16857	4.4735577E-5	0.00395890061946903
987.17611	4.3913592E-5	0.0038861585840708
982.19429	4.6710824E-5	0.00413370123893805
977.21968	4.9329019E-5	0.00436539991150443
972.21018	4.4076968E-5	0.00390061663716814
967.18407	4.7136727E-5	0.00417139176991151
962.16486	4.8040876E-5	0.00425140495575221
957.1976	4.349127E-5	0.00384878495575221
952.20941	4.6476588E-5	0.00411297238938053
947.23917	4.7267399E-5	0.00418295566371681
942.25967	4.7314812E-5	0.00418715150442478
937.2725	4.7023598E-5	0.0041613803539823
932.28488	4.483412E-5	0.00396762123893805
927.30934	4.6200029E-5	0.00408849814159292
922.33004	4.3805859E-5	0.00387662469026549
917.35343	4.907121E-5	0.00434258495575221
912.36719	4.7085536E-5	0.00416686159292036
907.38811	4.7770935E-5	0.00422751637168142
902.40804	5.1648081E-5	0.00457062663716814
897.41866	4.5630958E-5	0.0040381378761062
892.44411	4.7636325E-5	0.00421560398230089
887.45421	5.0542757E-5	0.0044728103539823
882.47723	5.3148306E-5	0.00470338991150443
877.49851	5.1773435E-5	0.00458171991150442
872.51756	4.7484083E-5	0.00420213123893805
867.53918	4.9929174E-5	0.00441851097345133
862.55495	4.9648174E-5	0.00439364371681416
857.55996	4.86629E-5	0.00430645132743363
852.54235	5.0020298E-5	0.00442657504424779
847.57169	4.8833697E-5	0.00432156610619469
842.5939	5.2359073E-5	0.00463354628318584
837.60055	4.9934268E-5	0.00441896176991151
832.62974	4.6965617E-5	0.0041562492920354
827.64423	5.1411415E-5	0.00454968274336283
822.66714	4.9630579E-5	0.00439208663716814
817.68061	4.6986051E-5	0.00415805761061947
812.6943	5.0941502E-5	0.00450809752212389
807.71949	5.1511135E-5	0.00455850752212389
802.74962	5.1096345E-5	0.00452180044247788
797.76229	4.7860248E-5	0.00423542017699115
792.75029	5.0460482E-5	0.00446552938053097
787.74989	5.2041698E-5	0.00460546
782.7702	5.2459182E-5	0.00464240548672566
777.7896	4.9738592E-5	0.00440164530973451
772.81911	5.3941905E-5	0.00477361991150443
767.83206	5.1700043E-5	0.00457522504424779
762.84956	5.0691535E-5	0.00448597654867257
757.85753	4.7945219E-5	0.00424293973451328
752.8842	5.2034804E-5	0.00460484991150443
747.90106	5.1190581E-5	0.00453013991150443
742.93	5.3705867E-5	0.00475273159292035
737.94125	4.9175473E-5	0.0043518117699115
732.96197	5.2045623E-5	0.00460580734513274
727.98503	4.976177E-5	0.00440369646017699
723.00699	4.6112717E-5	0.0040807714159292
718.01875	5.1247024E-5	0.00453513486725664
713.0442	4.661592E-5	0.00412530265486726
708.05766	5.0358881E-5	0.00445653814159292
703.07919	4.9823839E-5	0.0044091892920354
698.10069	5.2903305E-5	0.00468170840707965
693.12356	4.9016161E-5	0.00433771336283186
688.14139	5.0671105E-5	0.0044841685840708
683.14734	5.2039959E-5	0.00460530610619469
678.18271	5.5271777E-5	0.00489130769911504
673.20148	5.7159355E-5	0.00505835
668.21982	5.2307548E-5	0.00462898654867257
663.22778	5.0124278E-5	0.00443577681415929
658.2594	5.3344182E-5	0.00472072407079646
653.27924	5.2038747E-5	0.00460519884955752
648.28632	5.0665302E-5	0.00448365504424779
643.31464	5.1791694E-5	0.00458333575221239
638.33511	5.1445487E-5	0.00455269796460177
633.35767	4.9840984E-5	0.00441070654867257
628.36706	5.0267258E-5	0.00444842991150443
623.39818	5.1987495E-5	0.00460066327433628
618.40704	4.965286E-5	0.00439405840707965
613.41423	4.7100867E-5	0.00416821831858407
608.40278	5.246241E-5	0.00464269115044248
603.41866	5.1906954E-5	0.00459353575221239
599.20312	5.0772033E-5	0.00449310026548673
595.48084	4.9667675E-5	0.00439536946902655
591.74263	5.2230245E-5	0.00462214557522124
588.01161	5.3392362E-5	0.00472498778761062
584.2405	5.0126417E-5	0.00443596610619469
580.48931	4.9581205E-5	0.00438771725663717
576.76839	5.3249872E-5	0.00471237805309734
573.03047	5.3772825E-5	0.00475865707964602
569.30053	5.2046357E-5	0.00460587230088496
565.5671	5.1848175E-5	0.00458833407079646
561.82182	4.7843603E-5	0.00423394716814159
558.08932	5.388718E-5	0.00476877699115044
554.3492	5.2562189E-5	0.00465152115044248
550.60979	5.0572422E-5	0.00447543557522124
546.87893	5.3024472E-5	0.00469243115044248
543.14662	5.3570096E-5	0.00474071646017699
539.41391	5.3656182E-5	0.00474833469026549
535.67188	5.1363964E-5	0.00454548353982301
531.93681	5.4116515E-5	0.00478907212389381
528.20325	5.0418494E-5	0.00446181362831858
524.46386	5.1154936E-5	0.00452698548672566
520.73155	5.0204195E-5	0.00444284911504425
516.99107	5.1032162E-5	0.00451612053097345
513.26247	5.4789661E-5	0.00484864256637168
509.52082	5.1542525E-5	0.00456128539823009
505.77643	5.3920524E-5	0.00477172778761062
502.02554	5.1687826E-5	0.00457414389380531
498.27688	5.2648729E-5	0.00465917955752212
494.53151	5.4135387E-5	0.00479074221238938
490.7776	5.0678643E-5	0.00448483566371681
487.03706	4.7657105E-5	0.00421744292035398
483.287	5.2949757E-5	0.00468581920353982
479.54559	4.7037123E-5	0.00416257725663717
475.80365	5.0588636E-5	0.00447687044247788
472.04922	4.99612E-5	0.00442134513274336
468.30323	5.4059902E-5	0.00478406212389381
464.55204	5.2080137E-5	0.00460886168141593
460.79653	5.1743752E-5	0.00457909309734513
457.04729	5.1568021E-5	0.00456354168141593
453.30613	4.8602063E-5	0.00430106752212389
449.55443	5.2245676E-5	0.00462351115044248
445.81461	5.564749E-5	0.00492455663716814
442.06805	5.1028914E-5	0.00451583309734513
438.31902	5.3001825E-5	0.00469042699115044
434.56229	5.0481096E-5	0.00446735362831859
430.82103	4.9396493E-5	0.0043713710619469
427.06969	4.9958875E-5	0.00442113938053097
423.32791	4.9688141E-5	0.00439718061946903
419.58876	4.9836399E-5	0.00441030079646018
415.80088	5.0489478E-5	0.00446809539823009
412.04258	5.1267678E-5	0.00453696265486726
408.28959	4.9017809E-5	0.00433785920353982
404.55456	5.4652069E-5	0.00483646628318584
400.80471	5.624398E-5	0.00497734336283186
397.05408	5.1852415E-5	0.0045887092920354
393.30531	5.0063548E-5	0.00443040247787611
389.55854	5.0416878E-5	0.00446167061946903
385.81754	5.2902446E-5	0.00468163238938053
382.07042	4.8560482E-5	0.00429738778761062
378.31305	4.8921646E-5	0.00432934920353982
374.57175	4.8923279E-5	0.00432949371681416
370.81147	5.2483685E-5	0.00464457389380531
367.07049	5.0709276E-5	0.00448754654867257
363.33313	5.0713358E-5	0.00448790778761062
359.57939	4.8643977E-5	0.00430477672566372
355.83022	4.8764403E-5	0.00431543389380531
352.08261	4.6074588E-5	0.00407739716814159
348.33221	4.7873784E-5	0.00423661805309735
344.59552	4.8257529E-5	0.00427057778761062
340.84332	4.9507456E-5	0.00438119079646018
337.09154	4.8910131E-5	0.00432833017699115
333.34341	4.7518845E-5	0.00420520752212389
329.59404	4.7162139E-5	0.00417364061946903
325.84766	4.920072E-5	0.00435404601769912
322.10352	4.858562E-5	0.00429961238938053
318.3591	5.0263054E-5	0.00444805787610619
314.60783	4.7584387E-5	0.00421100769911504
310.86166	4.8861107E-5	0.00432399176991151
307.11795	4.9352306E-5	0.0043674607079646
303.36607	4.6967111E-5	0.00415638150442478
300.13569	4.8302629E-5	0.0042745689380531
297.65198	4.9253493E-5	0.00435871619469027
295.1627	4.5789556E-5	0.00405217309734513
292.6747	4.2810181E-5	0.00378851159292035
290.18192	4.8040631E-5	0.00425138327433628
287.68935	4.0291805E-5	0.00356564646017699
285.19343	4.597582E-5	0.00406865663716814
282.70987	4.7909663E-5	0.00423979318584071
280.2228	4.463596E-5	0.00395008495575221
277.72358	4.7698728E-5	0.00422112637168142
275.24622	4.3823816E-5	0.00387821380530974
272.73697	4.7241071E-5	0.00418062575221239
270.26348	4.841607E-5	0.00428460796460177
267.76327	4.6157759E-5	0.00408475743362832
265.26965	4.8439404E-5	0.00428667292035398
262.7973	4.3655892E-5	0.00386335327433628
260.30538	4.4119028E-5	0.00390433876106195
257.79174	4.7487062E-5	0.00420239486725664
255.29339	4.4648409E-5	0.00395118663716814
252.7941	4.5233652E-5	0.00400297805309735
250.29758	4.3288951E-5	0.00383088061946903
247.80401	4.5640734E-5	0.00403900300884956
245.31147	4.790628E-5	0.00423949380530974
242.80822	4.6831121E-5	0.00414434699115044
240.32228	4.53109E-5	0.00400981415929204
237.81522	4.7550631E-5	0.00420802044247788
235.3146	4.9435756E-5	0.00437484566371681
232.82577	4.5191232E-5	0.00399922407079646
230.32804	4.8555631E-5	0.00429695849557522
227.83441	4.7258819E-5	0.00418219637168142
225.30386	4.3855142E-5	0.00388098601769912
222.82121	4.6126671E-5	0.00408200628318584
220.3158	4.2582359E-5	0.0037683503539823
217.82634	4.4013576E-5	0.00389500672566372
215.32675	4.5171967E-5	0.00399751920353982
212.82942	4.7490159E-5	0.0042026689380531
210.3256	4.1169333E-5	0.00364330380530974
207.84516	4.5028568E-5	0.00398482902654867
205.33233	4.3104297E-5	0.00381453955752212
202.84448	4.3133515E-5	0.00381712522123894
200.34703	4.224366E-5	0.00373837699115044
197.85052	4.1248899E-5	0.00365034504424779
195.34886	4.2131996E-5	0.00372849522123894
192.85838	4.255156E-5	0.00376562477876106
190.34761	3.9886179E-5	0.0035297503539823
187.83932	4.171617E-5	0.00369169646017699
185.34415	4.0826217E-5	0.00361293955752212
182.84698	4.2248914E-5	0.00373884194690265
180.35557	3.8966712E-5	0.00344838159292035
177.85469	4.0621102E-5	0.00359478778761062
175.35767	4.2306218E-5	0.00374391309734513
172.85841	4.0579118E-5	0.00359107238938053
170.36819	3.9693736E-5	0.00351272
167.87164	4.3390831E-5	0.00383989654867257
165.37231	4.0852794E-5	0.00361529150442478
162.87967	3.6755863E-5	0.00325273123893805
160.37797	3.8212843E-5	0.00338166752212389
157.88255	4.1578562E-5	0.00367951876106195
155.38631	3.6765274E-5	0.00325356407079646
152.88981	3.5740916E-5	0.00316291292035398
150.38872	4.0275702E-5	0.0035642214159292
147.87708	3.7183599E-5	0.00329058398230088
145.37548	3.8146728E-5	0.00337581663716814
142.88042	3.8744619E-5	0.00342872734513274
140.37182	4.0181539E-5	0.00355588840707965
137.85643	3.5871198E-5	0.00317444230088496
135.35458	3.9940012E-5	0.00353451433628319
132.88232	3.6073675E-5	0.00319236061946903
130.37882	3.7120176E-5	0.00328497132743363
127.88073	3.8187456E-5	0.00337942088495575
125.37489	3.7951482E-5	0.0033585382300885
122.87898	3.5394353E-5	0.00313224362831858
120.37256	3.7643905E-5	0.00333131902654867
117.88205	3.3780797E-5	0.0029894510619469
115.38737	3.6466381E-5	0.00322711336283186
112.87807	3.8247142E-5	0.00338470283185841
110.37365	3.554618E-5	0.0031456796460177
107.8939	3.6311755E-5	0.0032134296460177
105.3935	3.579792E-5	0.00316795752212389
102.88544	3.8390168E-5	0.00339736
101.60785	3.3795433E-5	0.00299074628318584
101.13021	3.2835523E-5	0.00290579849557522
100.61217	3.4803951E-5	0.00307999566371681
100.13	3.3263811E-5	0.00294370008849558
99.630749	3.5197526E-5	0.00311482530973451
99.145857	3.1762308E-5	0.00281082371681416
98.65731	3.4525515E-5	0.00305535530973451
98.125932	3.6198268E-5	0.00320338654867257
97.621835	3.4520396E-5	0.00305490230088496
97.145335	3.4242125E-5	0.00303027654867257
96.687675	2.9620005E-5	0.00262123938053097
96.005767	3.1128378E-5	0.00275472371681416
95.67619	3.0297607E-5	0.00268120415929204
95.165145	3.1455818E-5	0.0027837007079646
94.698169	3.207472E-5	0.00283847079646018
94.166996	3.481204E-5	0.00308071150442478
93.656106	3.4082298E-5	0.00301613256637168
93.169515	3.3904135E-5	0.00300036592920354
92.67968	3.2362685E-5	0.00286395442477876
92.163437	3.2420334E-5	0.00286905610619469
91.666653	3.649509E-5	0.00322965398230089
91.17934	3.2342318E-5	0.00286215203539823
90.684668	3.3159832E-5	0.00293449840707965
90.170071	3.2288255E-5	0.00285736769911504
89.680597	2.9886565E-5	0.00264482876106195
89.181084	3.3667594E-5	0.00297943309734513
88.690013	3.2369167E-5	0.00286452805309735
88.185045	2.8296866E-5	0.00250414743362832
87.695365	3.3693881E-5	0.00298175938053097
87.20167	3.0091254E-5	0.00266294283185841
86.708747	2.9356031E-5	0.00259787884955752
86.206197	2.699452E-5	0.00238889557522124
85.688869	2.9489278E-5	0.00260967061946903
85.200168	3.0731494E-5	0.00271960123893805
84.708274	3.1941661E-5	0.00282669566371681
84.214938	3.1914255E-5	0.0028242703539823
83.703743	3.0895793E-5	0.00273414097345133
83.215504	3.1161104E-5	0.00275761982300885
82.726235	3.391589E-5	0.00300140619469027
82.225076	3.2396185E-5	0.00286691902654867
81.723659	3.1993722E-5	0.00283130283185841
81.224506	3.3834419E-5	0.00299419637168142
80.725406	3.0182111E-5	0.00267098327433628
80.234852	3.0882031E-5	0.00273292309734513
79.737861	2.9756963E-5	0.00263335955752212
79.241892	2.6823132E-5	0.00237372849557522
78.736599	3.0264148E-5	0.00267824318584071
78.224668	3.1941024E-5	0.0028266392920354
77.761438	3.6596962E-5	0.00323866920353982
77.234987	2.9192362E-5	0.00258339486725664
76.747818	3.296656E-5	0.00291739469026549
76.251175	2.8933326E-5	0.00256047132743363
75.744443	3.0959741E-5	0.00273980008849558
75.266952	3.1125564E-5	0.00275447469026549
74.764338	3.2910674E-5	0.00291244902654867
74.264606	3.1783162E-5	0.00281266920353982
73.77651	2.7360262E-5	0.00242126212389381
73.255569	2.7899857E-5	0.00246901389380531
72.770459	3.1433205E-5	0.00278169955752212
72.27562	3.2738016E-5	0.00289716955752212
71.767702	3.1031964E-5	0.00274619150442478
71.266992	3.1658336E-5	0.00280162265486726
70.776218	3.1467087E-5	0.00278469796460177
70.283644	3.0116539E-5	0.00266518044247788
69.779177	3.2423409E-5	0.0028693282300885
69.288146	2.7481771E-5	0.00243201513274336
68.785737	2.9738363E-5	0.00263171353982301
68.283688	3.026111E-5	0.00267797433628319
67.790239	2.9619434E-5	0.00262118884955752
67.300907	2.7595449E-5	0.00244207513274336
66.792527	2.9649903E-5	0.00262388522123894
66.280029	2.8663956E-5	0.00253663327433628
65.800942	3.4343516E-5	0.00303924920353982
65.30497	3.2864382E-5	0.00290835238938053
64.806217	2.7485927E-5	0.00243238292035398
64.309008	2.9370011E-5	0.00259911601769912
63.812057	3.1741077E-5	0.00280894486725664
63.313302	2.9766797E-5	0.00263422982300885
62.812594	3.293435E-5	0.00291454424778761
62.309003	2.8129578E-5	0.00248934318584071
61.824921	2.821918E-5	0.00249727256637168
61.3186	3.1809385E-5	0.00281498982300885
60.832049	2.9619465E-5	0.00262119159292035
60.334582	3.1184817E-5	0.00275971831858407
59.862239	2.752378E-5	0.00243573274336283
59.31875	2.8060617E-5	0.00248324044247788
58.807228	2.9649985E-5	0.00262389247787611
58.312131	2.6418804E-5	0.00233794725663717
57.823623	2.9716235E-5	0.00262975530973451
57.318383	2.6532497E-5	0.0023480085840708
56.807996	2.70887E-5	0.00239723008849558
56.31784	2.8409556E-5	0.00251412
55.81471	2.920214E-5	0.00258426017699115
55.309008	2.8513363E-5	0.00252330646017699
54.822508	2.905478E-5	0.00257121946902655
54.320717	2.6639628E-5	0.00235748920353982
53.839931	2.406928E-5	0.00213002477876106
53.323365	2.7937369E-5	0.00247233353982301
52.812051	2.9580451E-5	0.00261773902654867
52.327399	2.905399E-5	0.00257114955752212
51.725216	2.4989894E-5	0.00221149504424779
51.2208	2.573647E-5	0.00227756371681416
50.721069	2.8108601E-5	0.00248748681415929
50.210732	3.0171029E-5	0.00267000256637168
49.721041	2.9768549E-5	0.00263438486725664
49.223368	2.7610793E-5	0.00244343300884956
48.72374	2.6667173E-5	0.00235992681415929
48.227716	2.6069202E-5	0.00230700902654867
47.723867	2.7399632E-5	0.00242474619469027
47.219038	2.4791837E-5	0.00219396787610619
46.723683	2.5820532E-5	0.00228500283185841
46.210927	2.3163835E-5	0.00204989690265487
45.725971	2.669547E-5	0.00236243097345133
45.223202	2.6307655E-5	0.0023281110619469
44.718734	2.6820655E-5	0.0023735092920354
44.229557	2.6195139E-5	0.00231815389380531
43.715463	2.809106E-5	0.00248593451327434
43.223505	2.2061846E-5	0.00195237575221239
42.72465	2.8453727E-5	0.0025180289380531
42.234236	2.6500714E-5	0.00234519592920354
41.718135	2.3078662E-5	0.00204235946902655
41.232098	2.4903445E-5	0.00220384469026549
40.718879	2.8741381E-5	0.00254348504424779
40.22965	2.4026719E-5	0.00212625831858407
39.725646	2.6118833E-5	0.00231140115044248
39.233122	2.3086207E-5	0.00204302716814159
38.733649	2.6251737E-5	0.00232316256637168
38.22671	2.2114081E-5	0.00195699831858407
37.736966	2.4570484E-5	0.00217437911504425
37.233271	2.5412858E-5	0.00224892548672566
36.737402	2.5446519E-5	0.00225190433628319
36.236435	2.2741393E-5	0.00201251265486726
35.74283	2.1551591E-5	0.00190722044247788
35.246084	2.4411999E-5	0.00216035389380531
34.738734	2.5259338E-5	0.0022353396460177
34.242195	2.495312E-5	0.0022082407079646
33.747148	2.8477948E-5	0.00252017238938053
33.245204	2.3050018E-5	0.00203982460176991
32.743053	2.4390425E-5	0.00215844469026549
32.246668	2.3546843E-5	0.0020837914159292
31.739782	2.5949614E-5	0.00229642601769912
31.25045	2.5956009E-5	0.00229699194690266
30.746961	2.5094101E-5	0.00222071690265487
30.256084	2.306293E-5	0.00204096725663717
29.748426	2.1160657E-5	0.00187262451327434
29.246996	2.3318702E-5	0.00206360194690266
28.747521	2.5987493E-5	0.00229977814159292
28.251445	2.5470245E-5	0.00225400398230089
27.746566	2.0639842E-5	0.00182653469026549
27.242202	2.0595236E-5	0.00182258725663717
26.744376	2.3264027E-5	0.00205876345132743
26.241762	2.256306E-5	0.00199673097345133
25.744759	2.7082842E-5	0.00239671168141593
25.252647	2.264369E-5	0.00200386637168142
24.762487	2.2692596E-5	0.00200819433628319
24.269017	2.2436254E-5	0.00198550920353982
23.748386	2.0271632E-5	0.00179394973451327
23.24172	2.0004376E-5	0.00177029876106195
22.738405	2.7363986E-5	0.00242159168141593
22.261476	1.8401501E-5	0.0016284514159292
21.7343	2.3898291E-5	0.00211489300884956
21.263195	2.0677282E-5	0.00182984796460177
20.759931	1.7095713E-5	0.00151289495575221
20.260533	1.8875445E-5	0.00167039336283186
19.757217	1.9280901E-5	0.00170627442477876
19.256788	2.2138707E-5	0.00195917761061947
18.75038	2.0109907E-5	0.00177963778761062
18.248508	2.0590854E-5	0.00182219946902655
17.751583	2.1836433E-5	0.00193242769911504
17.255689	1.9908618E-5	0.00176182460176991
16.755363	1.8413972E-5	0.00162955504424779
16.25782	2.1546966E-5	0.00190681115044248
15.753577	1.8197985E-5	0.00161044115044248
15.252117	2.2354555E-5	0.00197827920353982
14.749729	2.0041926E-5	0.0017736217699115
14.257031	2.0248963E-5	0.00179194362831858
13.755571	2.2777508E-5	0.00201570867256637
13.254111	2.218488E-5	0.00196326371681416
12.748218	2.0481555E-5	0.00181252699115044
12.256755	2.0245971E-5	0.00179167884955752
11.752511	1.6959569E-5	0.00150084681415929
11.257544	1.8017532E-5	0.00159447185840708
10.757734	2.0241565E-5	0.0017912889380531
10.262355	1.697463E-5	0.0015021796460177
9.7584214	1.8756423E-5	0.00165986044247788
9.2525292	1.9927822E-5	0.00176352407079646
8.7520999	1.6257462E-5	0.00143871345132743
8.2538352	1.8273613E-5	0.00161713389380531
7.7514479	1.8503148E-5	0.00163744672566372
7.25442	1.5745852E-5	0.0013934382300885
6.7627522	1.8752897E-5	0.00165954840707965
6.2639721	1.9027171E-5	0.00168382044247788
5.7588014	1.7457106E-5	0.00154487663716814
5.2583722	1.3860663E-5	0.00122660734513274
4.7611383	1.7428355E-5	0.00154233230088496
4.2654505	1.8092047E-5	0.00160106610619469
3.7532708	1.5667894E-5	0.0013865392920354
3.2621182	1.9919429E-5	0.00176278132743363
2.7625136	2.0183711E-5	0.00178616911504425
2.2543538	1.6844689E-5	0.00149068044247788
1.7630982	1.6103695E-5	0.00142510575221239
1.2588552	1.6589307E-5	0.00146808026548673
0.76935195	1.6051666E-5	0.0014205014159292
0.269133	1.6063653E-5	0.00142156221238938
-0.23441353	1.4656635E-5	0.00129704734513274
-0.73689359	1.4359983E-5	0.00127079495575221
-1.2216784	1.3774686E-5	0.00121899876106195
-1.7350466	1.5084008E-5	0.00133486796460177
-2.2337119	1.1070964E-5	9.79731327433629E-4
-2.7278532	1.6079463E-5	0.00142296132743363
-3.2220973	1.947059E-5	0.0017230610619469
-3.7345401	1.7399377E-5	0.0015397678761062
-4.2358786	1.2847819E-5	0.00113697513274336
-4.7263184	1.5280961E-5	0.00135229743362832
-5.2385556	1.2925274E-5	0.00114382955752212
-5.7266306	1.5534279E-5	0.00137471495575221
-6.2259127	1.4598134E-5	0.00129187026548673
-6.7269428	1.5326636E-5	0.00135633946902655
-7.2285898	1.3916856E-5	0.00123158017699115
-7.7265355	1.6661951E-5	0.0014745089380531
-8.2272569	1.4389749E-5	0.00127342911504425
-8.7310629	1.1442187E-5	0.00101258292035398
-9.2290087	1.2977138E-5	0.0011484192920354
-9.7256176	1.3130617E-5	0.00116200150442478
-10.231274	1.5127434E-5	0.00133871097345133
-10.738576	1.1493429E-5	0.00101711761061947
-11.232409	1.3919772E-5	0.0012318382300885
-11.734057	1.966778E-5	0.00174051150442478
-12.227892	1.1802807E-5	0.00104449619469027
-12.734885	1.3856893E-5	0.00122627371681416
-13.242598	1.6134209E-5	0.00142780610619469
-13.736842	1.2219974E-5	0.00108141362831858
-14.231395	1.2082627E-5	0.00106925902654867
-14.722041	1.1471168E-5	0.00101514761061947
-15.232016	1.4326801E-5	0.00126785849557522
-15.738804	1.2210065E-5	0.00108053672566372
-16.233665	1.0085709E-5	8.92540619469027E-4
-16.736751	1.1168946E-5	9.88402300884956E-4
-17.237678	1.0776452E-5	9.53668318584071E-4
-17.730997	9.3301763E-6	8.25679318584071E-4
-18.236551	9.6902583E-6	8.57544982300885E-4
-18.72329	1.4316498E-5	0.00126694672566372
-19.236658	1.2840253E-5	0.00113630557522124
-19.729154	1.3576772E-5	0.00120148424778761
-20.227408	1.0652027E-5	9.42657256637168E-4
-20.728438	1.0866257E-5	9.61615663716814E-4
-21.234712	1.1218154E-5	9.92756991150443E-4
-21.739135	8.2415039E-6	7.29336628318584E-4
-22.239549	9.129532E-6	8.07923185840708E-4
-22.7377	1.3322936E-5	0.00117902088495575
-23.23071	1.1245524E-5	9.95179115044248E-4
-23.724364	1.111494E-5	9.83623008849558E-4
-24.237712	1.0237956E-5	9.06013805309735E-4
-24.743827	9.3796824E-6	8.30060389380531E-4
-25.227492	1.0664555E-5	9.4376592920354E-4
-25.734018	9.716599E-6	8.59876017699115E-4
-26.240442	7.8358313E-6	6.93436398230089E-4
-26.730079	1.3845829E-5	0.00122529460176991
-27.229192	9.1138008E-6	8.06531044247788E-4
-27.735306	1.0215815E-5	9.04054424778761E-4
-28.2373	1.0178872E-5	9.00785132743363E-4
-28.731985	8.2811326E-6	7.32843592920354E-4
-29.234186	7.9970558E-6	7.07704053097345E-4
-29.73268	4.6144692E-6	4.0836010619469E-4
-30.23344	4.0588011E-6	3.59185938053097E-4
-30.739039	7.9599831E-6	7.04423283185841E-4
-31.228265	7.9676728E-6	7.0510378761062E-4
-31.730467	1.164274E-5	0.00103033097345133
-32.226489	9.2829093E-6	8.21496398230088E-4
-32.737957	1.0619145E-5	9.39747345132743E-4
-33.234185	1.0060612E-5	8.90319646017699E-4
-33.729179	7.7931143E-6	6.89656132743363E-4
-34.238279	5.1761783E-6	4.58068876106195E-4
-34.73564	5.0580971E-6	4.47619212389381E-4
-35.241446	1.0797654E-5	9.55544601769912E-4
-35.734379	8.8550076E-6	7.83628991150443E-4
-36.236066	4.2272392E-6	3.7409196460177E-4
-36.74702	9.6586551E-6	8.54748238938053E-4
-37.241498	5.4481757E-6	4.82139442477876E-4
-37.73093	6.9053922E-6	6.11096654867257E-4
-38.230248	1.0096585E-5	8.93503097345133E-4
-38.731213	4.2527155E-6	3.76346504424779E-4
-39.240828	5.0330959E-6	4.45406716814159E-4
-39.742824	7.0971831E-6	6.28069300884956E-4
-40.244099	6.1004323E-6	5.39861265486726E-4
-40.730133	8.3600279E-6	7.39825477876106E-4
-41.246337	6.1151341E-6	5.41162309734513E-4
-41.733608	8.5423188E-6	7.55957415929204E-4
-42.227674	7.2773018E-6	6.44009008849558E-4
-42.734405	2.0781943E-6	1.83911E-4
-43.237224	5.0617746E-6	4.47944654867257E-4
-43.736337	8.6074726E-6	7.61723238938053E-4
-44.239979	8.8745295E-6	7.85356592920354E-4
-44.737855	7.2313506E-6	6.39942530973451E-4
-45.237585	4.8973896E-6	4.33397309734513E-4
-45.742669	4.9907024E-6	4.41655079646018E-4
-46.244047	1.9581691E-6	1.73289300884956E-4
-46.732759	5.2976511E-6	4.68818681415929E-4
-47.239491	3.5351309E-6	3.12843442477876E-4
-47.738808	1.0710282E-6	9.47812566371682E-5
-48.183654	3.6167271E-6	3.20064345132743E-4
-48.687708	9.8696484E-6	8.7342021238938E-4
-49.18301	2.819902E-6	2.49548849557522E-4
-49.681813	5.1121447E-6	4.52402185840708E-4
-50.182161	4.8039158E-6	4.25125292035398E-4
-50.686011	5.2645017E-6	4.6588510619469E-4
-51.185645	3.3496685E-6	2.96430840707965E-4
-51.679816	4.2447159E-6	3.75638575221239E-4
-52.177898	5.3867196E-6	4.76700849557522E-4
-52.676906	2.2282056E-6	1.97186336283186E-4
-53.178697	5.7978574E-6	5.13084725663717E-4
-53.679249	4.0561005E-6	3.58946946902655E-4
-54.179699	5.168114E-6	4.57355221238938E-4
-54.68705	2.9325673E-6	2.59519230088496E-4
-55.179778	4.7344729E-6	4.18979902654867E-4
-55.681258	8.0615814E-7	7.13414283185841E-5
-56.17759	7.7664956E-6	6.87300495575221E-4
-56.676805	7.110917E-6	6.29284690265487E-4
-57.191568	4.7914535E-6	4.24022433628319E-4
-57.677191	4.9929928E-6	4.41857769911504E-4
-58.18835	3.3745353E-6	2.98631442477876E-4
-58.684064	3.6822572E-6	3.25863469026549E-4
-59.181117	2.2067078E-6	1.95283876106195E-4
-59.679303	4.2536129E-6	3.76425920353982E-4
-60.185313	2.9982593E-6	2.65332681415929E-4
-60.682056	4.1885334E-6	3.70666672566372E-4
-61.188378	2.9170891E-6	2.58149477876106E-4
-61.68378	2.1224178E-6	1.87824584070796E-4
-62.188866	3.7791288E-6	3.3443617699115E-4
-62.687978	5.232983E-6	4.63095840707965E-4
-63.185237	2.5722057E-6	2.2762882300885E-4
-63.6827	4.5516562E-6	4.02801433628319E-4
-64.175223	4.601302E-6	4.07194867256637E-4
-64.679484	-8.0952534E-7	-7.1639410619469E-5
-65.179624	-6.8968076E-7	-6.10336955752212E-5
-65.680899	3.3145363E-6	2.93321796460177E-4
-66.176613	4.6605422E-6	4.12437362831858E-4
-66.673459	-1.8203662E-6	-1.61094353982301E-4
-67.176071	4.00761E-6	3.54655752212389E-4
-67.671991	-8.6364698E-7	-7.64289362831858E-5
-68.182327	2.5287862E-6	2.23786389380531E-4
-68.665786	2.4237487E-6	2.1449103539823E-4
-69.174476	-4.6061564E-6	-4.07624460176991E-4
-69.667924	-1.530407E-6	-1.35434247787611E-4
-70.162505	1.0923475E-6	9.66679203539823E-5
-70.672326	-7.8864187E-7	-6.97913159292036E-5
-71.177206	3.848912E-7	3.40611681415929E-5
-71.663651	-1.4367237E-6	-1.27143690265487E-4
-72.176973	2.5979375E-6	2.29905973451327E-4
-72.669908	1.5108325E-6	1.33701991150442E-4
-73.167682	4.3901255E-6	3.88506681415929E-4
-73.668647	-6.1366306E-7	-5.43064654867257E-5
-74.168891	1.9338279E-6	1.71135212389381E-4
-74.657601	-2.6817412E-6	-2.37322230088496E-4
-75.157538	1.9723786E-7	1.74546778761062E-5
-75.663241	-4.4160811E-7	-3.90803637168142E-5
-76.162558	-3.3688988E-6	-2.98132637168142E-4
-76.654049	-1.9379657E-6	-1.71501389380531E-4
-77.16521	-4.2185618E-6	-3.73324053097345E-4
-77.651966	7.937028E-8	7.0239185840708E-6
-78.156738	-1.5254696E-6	-1.34997309734513E-4
-78.655868	-5.8817559E-7	-5.20509371681416E-5
-79.156858	-1.9129281E-6	-1.69285672566372E-4
-79.655993	-4.080948E-6	-3.61145840707965E-4
-80.148333	2.2122272E-7	1.95772318584071E-5
-80.654059	4.1691842E-6	3.68954353982301E-4
-81.15443	-3.0452108E-6	-2.69487681415929E-4
-81.644093	4.1891101E-7	3.70717707964602E-5
-82.156204	-5.414883E-6	-4.79193185840708E-4
-82.646377	-5.5537653E-7	-4.91483654867257E-5
-83.157151	-1.978981E-6	-1.75131061946903E-4
-83.646298	-6.6570783E-6	-5.89121973451328E-4
-84.147698	-1.0439331E-6	-9.23834601769912E-5
-84.652705	-3.9556992E-6	-3.50061876106195E-4
-85.144836	-1.9243031E-7	-1.70292309734513E-5
-85.644283	-2.9030383E-6	-2.56906044247788E-4
-86.136415	-1.7789173E-6	-1.57426309734513E-4
-86.635242	-5.7044018E-7	-5.04814318584071E-5
-87.143031	-3.607267E-6	-3.19227168141593E-4
-87.640208	-1.3500354E-6	-1.19472159292035E-4
-88.142329	-2.5749323E-6	-2.27870115044248E-4
-88.640023	-9.9401559E-7	-8.79659814159292E-5
-89.14091	-3.5474995E-6	-3.13938008849558E-4
-89.630161	-4.2310296E-6	-3.74427398230088E-4
-90.137738	-1.3812696E-6	-1.22236247787611E-4
-90.623282	-5.3800783E-6	-4.76113123893805E-4
-91.131068	-1.8358582E-6	-1.62465327433628E-4
-91.63144	-3.4289888E-6	-3.03450336283186E-4
-92.130885	-3.6251014E-6	-3.20805433628319E-4
-92.635685	-2.9818544E-6	-2.63880920353982E-4
-93.131832	-6.0753733E-7	-5.37643654867257E-5
-93.617788	-3.2848248E-6	-2.90692460176991E-4
-94.128871	-1.5261581E-6	-1.35058238938053E-4
-94.625016	-1.0638097E-6	-9.41424513274336E-5
-95.124052	-4.2189737E-6	-3.73360504424779E-4
-95.621951	-4.3778919E-6	-3.87424061946903E-4
-96.125618	-3.0788028E-6	-2.72460424778761E-4
-96.621357	-5.6341338E-6	-4.98595911504425E-4
-97.113696	-3.0791853E-6	-2.72494274336283E-4
-97.618082	-4.8641453E-6	-4.30455336283186E-4
-98.971425	-3.3167562E-6	-2.93518247787611E-4
-101.45475	-6.1339878E-6	-5.42830778761062E-4
-103.95682	-2.1959354E-6	-1.94330566371681E-4
-106.46939	-7.4055803E-6	-6.55361088495575E-4
-108.96012	-4.8311169E-6	-4.27532469026549E-4
-111.45724	-7.839974E-6	-6.93803008849557E-4
-113.94983	-6.4355465E-6	-5.69517389380531E-4
-116.44778	-5.4234557E-6	-4.79951831858407E-4
-118.95901	-5.9996507E-6	-5.30942539823009E-4
-121.45654	-1.4116707E-5	-0.00124926610619469
-123.96068	-7.0875011E-6	-6.27212486725664E-4
-126.44865	-6.3396383E-6	-5.61029938053097E-4
-128.95406	-1.0245399E-5	-9.06672477876106E-4
-131.44545	-9.5063876E-6	-8.41273238938053E-4
-133.96003	-3.6635542E-6	-3.24208336283186E-4
-136.45338	-7.532867E-6	-6.66625398230089E-4
-138.96559	-1.3260715E-5	-0.00117351460176991
-141.4848	-1.2276147E-5	-0.00108638469026549
-143.9796	-1.3114041E-5	-0.00116053460176991
-146.46872	-1.2089503E-5	-0.00106986752212389
-148.97856	-1.3595052E-5	-0.00120310194690266
-151.4781	-1.3540426E-5	-0.00119826778761062
-153.97476	-1.2925254E-5	-0.00114382778761062
-156.47831	-1.6682592E-5	-0.00147633557522124
-158.97682	-1.7251428E-5	-0.00152667504424779
-161.47975	-1.5332131E-5	-0.00135682575221239
-163.98505	-1.4860083E-5	-0.00131505159292035
-166.46872	-1.7492037E-5	-0.00154796787610619
-168.96928	-1.3496194E-5	-0.00119435345132743
-171.46871	-1.0969295E-5	-9.7073407079646E-4
-173.96557	-2.021628E-5	-0.00178905132743363
-176.46531	-1.6738271E-5	-0.00148126292035398
-178.96368	-1.2808916E-5	-0.00113353238938053
-181.46703	-1.7274512E-5	-0.00152871787610619
-183.97115	-1.7376806E-5	-0.00153777044247788
-186.46929	-1.8383205E-5	-0.00162683230088496
-188.9627	-1.8918453E-5	-0.00167419938053097
-191.46537	-2.4305682E-5	-0.00215094530973451
-193.9629	-2.0144301E-5	-0.00178268150442478
-196.47247	-2.1238505E-5	-0.00187951371681416
-198.97021	-1.9685954E-5	-0.00174211982300885
-201.46558	-1.9773246E-5	-0.00174984477876106
-203.95971	-1.6597382E-5	-0.00146879486725664
-206.45889	-1.7605379E-5	-0.00155799814159292
-208.95682	-1.797277E-5	-0.00159051061946903
-211.4594	-2.20668E-5	-0.00195281415929204
-213.95311	-2.0393309E-5	-0.00180471761061947
-216.46145	-2.0561672E-5	-0.00181961699115044
-218.95455	-1.9633479E-5	-0.00173747601769912
-221.46783	-2.3143208E-5	-0.00204807150442478
-223.95593	-2.4044135E-5	-0.00212779955752212
-226.45697	-2.5513725E-5	-0.00225785176991151
-228.95374	-2.1256924E-5	-0.00188114371681416
-231.47245	-2.630168E-5	-0.00232758230088496
-233.97633	-2.6572936E-5	-0.00235158725663717
-236.48186	-2.4677799E-5	-0.00218387601769912
-238.9747	-2.2882258E-5	-0.0020249785840708
-241.47662	-2.7574334E-5	-0.00244020654867257
-243.97328	-2.9899181E-5	-0.00264594522123894
-246.46767	-2.3404157E-5	-0.00207116433628319
-248.97508	-2.7024964E-5	-0.00239158973451327
-251.47721	-2.4935111E-5	-0.00220664699115044
-253.9682	-2.8409552E-5	-0.0025141196460177
-256.47403	-3.0799316E-5	-0.00272560318584071
-258.97245	-2.7666271E-5	-0.00244834256637168
-261.46014	-2.6861313E-5	-0.00237710734513274
-263.95896	-2.9410493E-5	-0.00260269849557522
-266.45882	-2.9464836E-5	-0.00260750761061947
-268.95734	-2.8587138E-5	-0.00252983522123894
-271.45098	-2.7611007E-5	-0.00244345194690266
-273.95469	-3.1943003E-5	-0.00282681442477876
-276.44638	-2.953824E-5	-0.00261400353982301
-278.93899	-3.196627E-5	-0.00282887345132743
-281.4382	-2.9322723E-5	-0.00259493123893805
-283.96326	-2.833461E-5	-0.00250748761061947
-286.45114	-2.8977983E-5	-0.00256442327433628
-288.95086	-3.3002156E-5	-0.00292054477876106
-291.44451	-3.2483284E-5	-0.00287462690265487
-293.94022	-3.0542806E-5	-0.00270290318584071
-296.43521	-3.1883988E-5	-0.00282159185840708
-299.34338	-2.7448669E-5	-0.00242908575221239
-303.07124	-2.9807527E-5	-0.00263783424778761
-306.81804	-3.0461188E-5	-0.0026956803539823
-310.57515	-2.8471851E-5	-0.00251963283185841
-314.31763	-2.9809527E-5	-0.00263801123893805
-318.067	-3.307863E-5	-0.00292731238938053
-321.82195	-3.3572056E-5	-0.00297097840707965
-325.55106	-3.6972074E-5	-0.00327186495575221
-329.30013	-3.1948577E-5	-0.00282730769911504
-333.07742	-3.2962833E-5	-0.00291706486725664
-336.82968	-3.5910248E-5	-0.00317789805309735
-340.58545	-3.4336133E-5	-0.00303859584070796
-344.32968	-3.5935646E-5	-0.00318014566371682
-348.07514	-3.7051563E-5	-0.00327889938053097
-351.82113	-3.4206858E-5	-0.00302715557522124
-355.57514	-3.7846847E-5	-0.00334927849557522
-359.32699	-3.7761233E-5	-0.00334170203539823
-363.07915	-3.6959911E-5	-0.0032707885840708
-366.82019	-3.775422E-5	-0.0033410814159292
-370.59398	-3.6528993E-5	-0.00323265424778761
-374.3436	-3.6282793E-5	-0.00321086663716814
-378.09418	-3.9358997E-5	-0.00348309707964602
-381.84523	-3.5416489E-5	-0.00313420256637168
-385.58948	-3.7666827E-5	-0.00333334752212389
-389.34413	-3.9709158E-5	-0.00351408477876106
-393.08756	-3.8992849E-5	-0.00345069460176991
-396.83459	-3.7178468E-5	-0.00329012991150442
-400.58965	-3.943967E-5	-0.00349023628318584
-404.33904	-3.5438714E-5	-0.00313616938053097
-408.1218	-4.0823529E-5	-0.00361270168141593
-411.85926	-3.9411101E-5	-0.00348770805309735
-415.61288	-3.923169E-5	-0.00347183097345133
-419.36362	-4.0980995E-5	-0.00362663672566372
-423.10364	-4.0750281E-5	-0.00360621955752212
-426.85243	-3.8583814E-5	-0.00341449681415929
-430.60368	-3.8004511E-5	-0.0033632310619469
-434.38314	-4.2815676E-5	-0.0037889978761062
-438.13535	-4.1063757E-5	-0.00363396079646018
-441.88259	-4.2513051E-5	-0.00376221690265487
-445.62076	-4.2643348E-5	-0.00377374761061947
-449.38324	-4.2221394E-5	-0.00373640654867257
-453.11555	-4.1465851E-5	-0.00366954433628319
-456.87226	-4.4326726E-5	-0.00392271911504425
-460.61712	-4.5095342E-5	-0.0039907382300885
-464.36766	-4.087168E-5	-0.00361696283185841
-468.11304	-4.4074627E-5	-0.00390040946902655
-471.85688	-4.3822522E-5	-0.0038780992920354
-475.59949	-4.4178586E-5	-0.00390960938053097
-479.35403	-4.3192534E-5	-0.00382234814159292
-483.11393	-4.4317264E-5	-0.00392188176991151
-486.84902	-4.4798837E-5	-0.00396449884955752
-490.59985	-4.3283468E-5	-0.00383039539823009
-494.33938	-4.3940594E-5	-0.00388854814159292
-498.09392	-4.6088775E-5	-0.00407865265486726
-501.84336	-4.328373E-5	-0.0038304185840708
-505.5879	-4.6225065E-5	-0.00409071371681416
-509.33006	-4.3926525E-5	-0.00388730309734513
-513.08292	-4.5991724E-5	-0.00407006407079646
-516.84352	-4.2161157E-5	-0.00373107584070797
-520.58084	-4.340663E-5	-0.00384129469026549
-524.32227	-4.1462377E-5	-0.00366923690265487
-528.06208	-4.1318542E-5	-0.00365650814159292
-531.82051	-4.8707762E-5	-0.0043104214159292
-535.57472	-4.3846775E-5	-0.00388024557522124
-539.32739	-4.6568907E-5	-0.00412114221238938
-543.06285	-4.2191791E-5	-0.00373378681415929
-546.81521	-4.1882079E-5	-0.00370637867256637
-550.56346	-4.245786E-5	-0.00375733274336283
-554.31149	-4.8563274E-5	-0.00429763486725664
-558.05139	-4.6890398E-5	-0.00414959274336283
-561.80282	-4.6886383E-5	-0.00414923743362832
-565.5458	-4.5399326E-5	-0.00401763946902655
-569.29868	-4.4840931E-5	-0.00396822398230089
-573.04332	-4.3580315E-5	-0.00385666504424779
-576.80134	-4.7038867E-5	-0.00416273159292035
-580.53485	-4.3764001E-5	-0.00387292044247788
-584.28535	-4.808376E-5	-0.0042552
-588.03628	-4.6257605E-5	-0.00409359336283186
-591.77462	-4.3173152E-5	-0.00382063292035398
-595.52936	-3.8972729E-5	-0.00344891407079646
-599.72952	-4.6751813E-5	-0.0041373285840708
-604.71	-4.7494955E-5	-0.00420309336283186
-609.69677	-4.7458279E-5	-0.00419984769911505
-614.69321	-4.5193803E-5	-0.00399945159292036
-619.68348	-4.9216198E-5	-0.00435541575221239
-624.67111	-4.5286963E-5	-0.00400769584070796
-629.67025	-4.2109421E-5	-0.00372649743362832
-634.66341	-4.5183858E-5	-0.00399857150442478
-639.65523	-4.5736618E-5	-0.00404748831858407
-644.6488	-4.6305162E-5	-0.00409780194690266
-649.64422	-3.9749945E-5	-0.00351769424778761
-654.63274	-4.2515374E-5	-0.00376242247787611
-659.62268	-4.5511935E-5	-0.00402760486725664
-664.61986	-4.2005334E-5	-0.00371728619469027
-669.61694	-4.6383928E-5	-0.00410477238938053
-674.60536	-4.1250179E-5	-0.00365045831858407
-679.59635	-4.8461934E-5	-0.00428866672566372
-684.58157	-4.8323712E-5	-0.00427643469026549
-689.58059	-4.2763799E-5	-0.00378440699115044
-694.56757	-4.3792881E-5	-0.00387547619469027
-699.56608	-4.7232906E-5	-0.00417990318584071
-704.55687	-4.5222457E-5	-0.00400198734513274
-709.55579	-4.0779334E-5	-0.00360879061946903
-714.54277	-4.6643812E-5	-0.00412777097345133
-719.53695	-4.6371619E-5	-0.00410368309734513
-724.5269	-5.0972608E-5	-0.00451085026548673
-729.51378	-4.6148879E-5	-0.00408397159292035
-734.51837	-4.4379962E-5	-0.00392743026548673
-739.51862	-4.1892237E-5	-0.00370727761061947
-744.5019	-5.0275845E-5	-0.00444918982300885
-749.49435	-4.7559001E-5	-0.00420876115044248
-754.48448	-4.556845E-5	-0.00403260619469027
-759.47648	-4.7910656E-5	-0.0042398810619469
-764.47267	-5.0554542E-5	-0.00447385327433628
-769.46003	-4.4494079E-5	-0.00393752911504425
-774.45087	-4.3665528E-5	-0.00386420601769912
-779.44183	-4.5469262E-5	-0.00402382849557522
-784.44225	-4.6762653E-5	-0.0041382878761062
-789.43218	-4.3518129E-5	-0.00385116185840708
-794.43313	-4.6780294E-5	-0.00413984902654867
-799.45653	-4.3529162E-5	-0.0038521382300885
-804.4545	-4.1543768E-5	-0.0036764396460177
-809.45802	-4.6065849E-5	-0.00407662380530974
-814.45175	-4.7228553E-5	-0.00417951796460177
-819.4353	-4.588094E-5	-0.00406026017699115
-824.45901	-4.4100601E-5	-0.00390270805309735
-829.47572	-4.5349243E-5	-0.00401320734513274
-834.46204	-4.8074717E-5	-0.00425439973451327
-839.48926	-4.8258651E-5	-0.00427067707964602
-844.50629	-4.883001E-5	-0.00432123982300885
-849.50021	-4.9981062E-5	-0.00442310283185841
-854.49138	-4.5531473E-5	-0.00402933389380531
-859.48099	-4.9596817E-5	-0.00438909884955752
-864.47433	-4.6333677E-5	-0.00410032539823009
-869.46682	-4.6219729E-5	-0.00409024150442478
-874.45936	-4.5036812E-5	-0.0039855585840708
-879.45631	-4.9052287E-5	-0.0043409103539823
-884.44655	-4.7798539E-5	-0.00422995920353982
-889.43112	-4.4835511E-5	-0.00396774433628319
-894.42526	-4.3882178E-5	-0.0038833785840708
-899.42045	-4.4251704E-5	-0.00391608
-904.42119	-4.7556028E-5	-0.00420849805309735
-909.40513	-4.5035912E-5	-0.0039854789380531
-914.39412	-4.4533176E-5	-0.00394098902654867
-919.39445	-4.5243038E-5	-0.00400380867256637
-924.38686	-4.5255956E-5	-0.00400495185840708
-929.37679	-4.7958088E-5	-0.0042440785840708
-934.37669	-4.4221442E-5	-0.00391340194690266
-939.36117	-4.1644379E-5	-0.00368534327433628
-944.35706	-4.6381097E-5	-0.00410452185840708
-949.34554	-4.7653235E-5	-0.00421710044247788
-954.34361	-4.299229E-5	-0.00380462743362832
-959.34073	-4.4020843E-5	-0.00389564982300885
-964.32583	-4.5317953E-5	-0.00401043831858407
-969.32399	-4.2458855E-5	-0.00375742079646018
-974.31175	-4.428805E-5	-0.00391929646017699
-979.30713	-4.5145164E-5	-0.00399514725663717
-984.29768	-4.5153344E-5	-0.00399587115044248
-989.29512	-4.4924499E-5	-0.00397561938053097
-994.28143	-4.5631294E-5	-0.00403816761061947
-994.464	-3.7356264E-5	-0.00330586407079646
-1306.2975	2.1358693E-6	1.81005872881356E-4
-1634.1656	3.0363755E-5	0.00257319957627119
-1961.9895	8.0028082E-5	0.00678204084745763
-2289.8045	1.1912962E-4	0.0100957305084746
-2617.6397	1.236482E-4	0.0104786610169492
-2945.4667	1.5237215E-4	0.0129128940677966
-3273.2558	1.7825363E-4	0.0151062398305085
-3601.0805	2.1000601E-4	0.0177971194915254
-3928.8908	2.1764025E-4	0.0184440889830508
-4256.6708	2.4243221E-4	0.0205451025423729
-4584.4871	2.7878978E-4	0.0236262525423729
-4912.2732	3.1442495E-4	0.0266461822033898
-5240.102	3.489411E-4	0.0295712796610169
-5567.9122	3.6623669E-4	0.0310370076271186
-5895.6947	3.9753079E-4	0.03368905
-6223.4958	4.2821567E-4	0.036289463559322
-6551.2992	4.6280258E-4	0.0392205576271186
-6879.098	4.8192753E-4	0.0408413161016949
-7209.1593	4.9773877E-4	0.0421812516949153
-7541.2338	5.3845302E-4	0.0456316118644068
-7869.008	5.691536E-4	0.0482333559322034
-8196.7715	5.9531043E-4	0.050450036440678
-8524.4449	6.2596905E-4	0.0530482245762712
-8852.0974	6.5140918E-4	0.0552041677966102
-9179.7111	6.843243E-4	0.0579935847457627
-9507.3175	7.1636104E-4	0.0607085627118644
-9834.8489	7.4841524E-4	0.063425020338983
-9840.7639	7.5787763E-4	0.0642269177966102
-9501.3989	7.2882215E-4	0.0617645889830509
-9162.2241	6.9395177E-4	0.0588094720338983
-8823.2226	6.6640575E-4	0.056475063559322
-8484.3562	6.2976009E-4	0.0533694991525424
-8145.5065	5.9180136E-4	0.0501526576271186
-7806.5482	5.6464414E-4	0.0478511983050847
-7467.5915	5.319017E-4	0.0450764152542373
-7128.6683	4.9776574E-4	0.0421835372881356
-6789.7637	4.9208219E-4	0.0417018805084746
-6450.8562	4.5080706E-4	0.0382039881355932
-6111.9416	4.0981901E-4	0.0347304245762712
-5773.0182	3.8146688E-4	0.0323277016949153
-5434.1155	3.5747776E-4	0.0302947254237288
-5095.2067	3.3301961E-4	0.0282220008474576
-4756.3264	2.9624009E-4	0.0251050923728814
-4417.3988	2.6064719E-4	0.0220887449152542
-4078.4891	2.312899E-4	0.0196008389830508
-3739.4932	2.241896E-4	0.0189991186440678
-3400.4919	1.6477791E-4	0.0139642296610169
-3061.5118	1.4243925E-4	0.0120711228813559
-2722.4918	1.2834362E-4	0.0108765779661017
-2383.499	1.0062978E-4	0.00852794745762712
-2044.5287	3.4027037E-5	0.00288364720338983
-1705.5565	2.8514922E-5	0.00241651881355932
-1366.5685	2.2016797E-5	0.00186583025423729
-1027.6282	-1.9065033E-5	-0.00161568076271186
-989.47057	-4.3909329E-5	-0.00388578132743363
-984.50249	-4.5770361E-5	-0.00405047442477876
-979.51492	-4.8101889E-5	-0.00425680433628319
-974.5351	-4.3824655E-5	-0.00387828805309735
-969.55713	-4.061373E-5	-0.00359413539823009
-964.57287	-3.8528516E-5	-0.00340960318584071
-959.59201	-4.5181238E-5	-0.0039983396460177
-954.61146	-4.4707261E-5	-0.00395639477876106
-949.63328	-4.4464867E-5	-0.00393494398230089
-944.65448	-4.4118746E-5	-0.00390431380530974
-939.67435	-4.3389129E-5	-0.00383974592920354
-934.6938	-4.0097698E-5	-0.00354846884955752
-929.7115	-4.3100686E-5	-0.00381422
-924.7221	-4.5141463E-5	-0.00399481973451328
-919.74464	-4.5327487E-5	-0.00401128203539823
-914.77181	-4.5630157E-5	-0.00403806699115044
-909.78694	-4.4250747E-5	-0.00391599530973451
-904.80701	-4.5941673E-5	-0.00406563477876106
-899.82914	-4.2033343E-5	-0.00371976486725664
-894.84117	-4.8897569E-5	-0.00432721849557522
-889.8632	-4.494609E-5	-0.00397753008849558
-884.88502	-4.3641029E-5	-0.00386203796460177
-879.90076	-3.9706548E-5	-0.00351385380530974
-874.91946	-4.5886397E-5	-0.00406074309734513
-869.93825	-4.7528112E-5	-0.00420602761061947
-864.95286	-4.3565156E-5	-0.00385532353982301
-859.97458	-4.5942322E-5	-0.00406569221238938
-854.99825	-4.6973419E-5	-0.00415693973451328
-850.01615	-5.1354937E-5	-0.00454468469026549
-844.99452	-4.6631287E-5	-0.00412666256637168
-840.00334	-4.7539139E-5	-0.00420700345132743
-835.023	-4.6257127E-5	-0.0040935510619469
-830.04658	-4.4134948E-5	-0.00390574761061947
-825.06138	-4.3947061E-5	-0.00388912044247788
-820.0864	-4.4327747E-5	-0.00392280946902655
-815.10905	-5.1204864E-5	-0.00453140389380531
-810.11295	-5.0317049E-5	-0.00445283619469027
-805.14084	-4.796747E-5	-0.00424490884955752
-800.16194	-4.0093748E-5	-0.0035481192920354
-795.17676	-4.2159604E-5	-0.00373093840707965
-790.20341	-4.784074E-5	-0.00423369380530974
-785.21019	-4.3466817E-5	-0.00384662097345133
-780.23963	-4.625497E-5	-0.00409336017699115
-775.26053	-4.2075751E-5	-0.00372351778761062
-770.27731	-4.2344724E-5	-0.0037473207079646
-765.30108	-4.4718702E-5	-0.00395740725663717
-760.32425	-4.7863782E-5	-0.00423573292035398
-755.29558	-4.7547643E-5	-0.00420775601769912
-750.30092	-4.7076956E-5	-0.00416610230088496
-745.32197	-4.4248697E-5	-0.00391581389380531
-740.33974	-4.6194584E-5	-0.00408801628318584
-735.35287	-4.2865424E-5	-0.0037934003539823
-730.32799	-4.6545384E-5	-0.00411906053097345
-725.35172	-4.4423439E-5	-0.00393127778761062
-720.37063	-4.3616963E-5	-0.0038599082300885
-715.38376	-4.3567182E-5	-0.00385550283185841
-710.41369	-4.4290126E-5	-0.00391948017699115
-705.42526	-4.6580809E-5	-0.00412219548672566
-700.44941	-4.5581909E-5	-0.00403379725663717
-695.47923	-4.8773348E-5	-0.00431622548672566
-690.48391	-4.5800179E-5	-0.00405311318584071
-685.50755	-4.3891576E-5	-0.00388421026548673
-680.52934	-4.4565407E-5	-0.00394384132743363
-675.55318	-4.2416696E-5	-0.00375368991150443
-670.56321	-4.3323372E-5	-0.00383392672566372
-665.59561	-5.0492743E-5	-0.00446838433628319
-660.61418	-4.6169624E-5	-0.00408580743362832
-655.61981	-4.3551259E-5	-0.00385409371681416
-650.63943	-4.3528484E-5	-0.0038520782300885
-645.6642	-4.6835506E-5	-0.00414473504424779
-640.68825	-4.8016664E-5	-0.00424926230088496
-635.70282	-4.6572071E-5	-0.00412142221238938
-630.73006	-4.6306909E-5	-0.00409795654867257
-625.73617	-4.680649E-5	-0.00414216725663717
-620.70651	-4.4738068E-5	-0.0039591210619469
-615.73355	-4.7601857E-5	-0.00421255371681416
-610.74657	-4.619714E-5	-0.00408824247787611
-605.76434	-4.7100555E-5	-0.0041681907079646
-601.08289	-4.2110242E-5	-0.00372657008849558
-598.4268	-4.7245217E-5	-0.00418099265486726
-594.70504	-4.6660776E-5	-0.00412927221238938
-590.97472	-4.9088914E-5	-0.00434415168141593
-587.23709	-4.669964E-5	-0.00413271150442478
-583.49555	-4.7870349E-5	-0.00423631407079646
-579.75999	-4.5873756E-5	-0.00405962442477876
-576.0241	-4.4914516E-5	-0.00397473592920354
-572.29245	-4.6637441E-5	-0.00412720716814159
-568.55235	-4.8846757E-5	-0.00432272185840708
-564.83109	-4.7191863E-5	-0.0041762710619469
-561.08472	-4.2757934E-5	-0.00378388796460177
-557.34708	-4.9001843E-5	-0.00433644628318584
-553.61822	-4.4758895E-5	-0.00396096415929204
-549.88264	-4.4885438E-5	-0.00397216265486726
-546.14615	-4.1997476E-5	-0.00371659079646018
-542.41016	-4.4636232E-5	-0.00395010902654867
-538.67645	-4.5701428E-5	-0.00404437415929204
-534.93985	-5.1994606E-5	-0.00460129256637168
-531.20738	-4.3687596E-5	-0.0038661589380531
-527.4685	-4.6583876E-5	-0.00412246690265487
-523.74025	-4.644066E-5	-0.00410979292035398
-519.99892	-4.6688245E-5	-0.00413170309734513
-516.26695	-4.1967016E-5	-0.00371389522123894
-512.53572	-4.3634516E-5	-0.00386146159292035
-508.78871	-4.5143771E-5	-0.00399502398230089
-505.03131	-4.7995487E-5	-0.0042473882300885
-501.28639	-4.7678633E-5	-0.00421934805309735
-497.54186	-4.2407737E-5	-0.00375289707964602
-493.79236	-4.4096745E-5	-0.00390236681415929
-490.04368	-4.4065609E-5	-0.0038996114159292
-486.30396	-4.9342769E-5	-0.00436661672566372
-482.55126	-4.2749001E-5	-0.00378309743362832
-478.79765	-4.0294111E-5	-0.00356585053097345
-475.05587	-4.3262028E-5	-0.00382849805309735
-471.30781	-4.4722861E-5	-0.00395777530973451
-467.55759	-4.2795175E-5	-0.00378718362831858
-463.80572	-4.4393347E-5	-0.00392861477876106
-460.0592	-4.334418E-5	-0.00383576814159292
-456.30857	-4.3636416E-5	-0.00386162973451328
-452.56586	-4.4235688E-5	-0.00391466265486726
-448.82274	-4.8831663E-5	-0.00432138610619469
-445.07314	-4.4112941E-5	-0.00390380008849558
-441.32116	-4.4760376E-5	-0.00396109522123894
-437.57454	-4.4092877E-5	-0.00390202451327434
-433.82903	-4.4527276E-5	-0.00394046690265487
-430.08817	-4.5172126E-5	-0.00399753327433628
-426.33167	-4.3892409E-5	-0.00388428398230088
-422.58824	-4.3802274E-5	-0.00387630743362832
-418.83483	-4.3093933E-5	-0.00381362238938053
-415.09501	-4.3298491E-5	-0.00383172486725664
-411.34273	-4.0437155E-5	-0.0035785092920354
-407.60454	-4.3044317E-5	-0.00380923159292035
-403.84784	-4.5560914E-5	-0.0040319392920354
-400.10441	-3.8767426E-5	-0.00343074566371682
-396.35491	-4.5757617E-5	-0.00404934663716814
-392.60304	-4.4227472E-5	-0.00391393557522124
-388.86445	-4.2758012E-5	-0.00378389486725664
-385.11794	-4.0641975E-5	-0.00359663495575221
-381.33518	-4.2727578E-5	-0.00378120159292035
-377.58166	-4.5778689E-5	-0.0040512114159292
-373.82783	-4.3188762E-5	-0.00382201433628319
-370.07924	-4.2826544E-5	-0.0037899596460177
-366.33141	-4.1159023E-5	-0.0036423914159292
-362.58749	-4.3643029E-5	-0.00386221495575221
-358.84552	-4.536811E-5	-0.00401487699115044
-355.09243	-4.1718454E-5	-0.0036918985840708
-351.34264	-4.104962E-5	-0.00363270973451327
-347.59059	-4.2499711E-5	-0.00376103637168142
-343.84255	-4.034751E-5	-0.00357057610619469
-340.10635	-3.9154708E-5	-0.00346501840707965
-336.3614	-3.8653403E-5	-0.00342065513274336
-332.61068	-4.3327357E-5	-0.00383427938053097
-328.86439	-4.4143481E-5	-0.00390650274336283
-325.08298	-4.0921982E-5	-0.00362141433628319
-321.32977	-3.7797109E-5	-0.00334487690265487
-317.57585	-4.1873362E-5	-0.00370560725663717
-313.83935	-3.8510577E-5	-0.00340801566371681
-310.08657	-3.7364762E-5	-0.00330661610619469
-306.33338	-4.1469252E-5	-0.00366984530973451
-302.59337	-3.8215073E-5	-0.00338186486725664
-299.60178	-3.6809589E-5	-0.00325748575221239
-297.11874	-4.2450912E-5	-0.0037567178761062
-294.62344	-3.5998232E-5	-0.00318568424778761
-292.14143	-3.6533262E-5	-0.00323303203539823
-289.65335	-3.8006366E-5	-0.00336339522123894
-287.15589	-3.542675E-5	-0.00313511061946903
-284.67728	-4.1397274E-5	-0.00366347557522124
-282.18394	-3.6633807E-5	-0.00324192982300885
-279.69204	-3.7574231E-5	-0.00332515318584071
-277.19201	-3.8363992E-5	-0.00339504353982301
-274.70393	-3.6636848E-5	-0.0032421989380531
-272.21599	-3.9889738E-5	-0.00353006530973451
-269.72665	-3.5555543E-5	-0.0031465082300885
-267.23092	-3.5809299E-5	-0.00316896451327434
-264.74394	-3.7677611E-5	-0.00333430185840708
-262.24997	-3.8312515E-5	-0.00339048805309735
-259.77103	-3.8201E-5	-0.00338061946902655
-257.28035	-3.5906229E-5	-0.00317754238938053
-254.77946	-3.4608985E-5	-0.00306274203539823
-252.27023	-3.6680062E-5	-0.00324602318584071
-249.76367	-4.0281576E-5	-0.00356474123893805
-247.26884	-3.3248954E-5	-0.00294238530973451
-244.77094	-3.8188241E-5	-0.0033794903539823
-242.2716	-3.6397594E-5	-0.00322102601769912
-239.77957	-3.184715E-5	-0.00281833185840708
-237.27199	-3.8133258E-5	-0.00337462460176991
-234.76121	-3.7084011E-5	-0.00328177088495575
-232.26661	-3.7374362E-5	-0.00330746566371681
-229.765	-3.9064093E-5	-0.00345699938053097
-227.26648	-3.5059382E-5	-0.00310260017699115
-224.76707	-3.2858629E-5	-0.00290784327433628
-222.28489	-3.6966706E-5	-0.00327138991150443
-219.7921	-3.1530485E-5	-0.00279030840707965
-217.2919	-3.6270672E-5	-0.00320979398230088
-214.77923	-3.6131385E-5	-0.00319746769911504
-212.3055	-3.5154699E-5	-0.00311103530973451
-209.79593	-3.0927331E-5	-0.00273693194690266
-207.30427	-3.3733316E-5	-0.00298524920353982
-204.80581	-3.5663026E-5	-0.00315602
-202.30972	-3.1320134E-5	-0.00277169327433628
-199.82022	-3.3446992E-5	-0.00295991079646018
-197.31075	-3.5369798E-5	-0.00313007061946903
-194.82486	-3.2328589E-5	-0.00286093707964602
-192.33063	-3.379546E-5	-0.00299074867256637
-189.81364	-3.5324794E-5	-0.00312608796460177
-187.32909	-2.8499538E-5	-0.00252208300884956
-184.83311	-3.3395247E-5	-0.00295533159292035
-182.33847	-2.9924023E-5	-0.00264814362831858
-179.83662	-3.5283691E-5	-0.00312245053097345
-177.34327	-3.152103E-5	-0.00278947168141593
-174.84354	-3.1125406E-5	-0.0027544607079646
-172.34823	-2.8645379E-5	-0.0025349892920354
-169.85086	-3.4299476E-5	-0.00303535185840708
-167.36132	-3.2345679E-5	-0.00286244946902655
-164.86746	-3.1387471E-5	-0.00277765230088496
-162.36298	-2.8452762E-5	-0.00251794353982301
-159.87509	-2.743998E-5	-0.00242831681415929
-157.37607	-3.0678449E-5	-0.00271490699115044
-154.88086	-3.0271301E-5	-0.00267887619469027
-152.37885	-2.7106568E-5	-0.00239881132743363
-149.8725	-3.0370345E-5	-0.00268764115044248
-147.36947	-3.0915576E-5	-0.00273589168141593
-144.87055	-3.0871633E-5	-0.00273200292035398
-142.374	-2.8061568E-5	-0.00248332460176991
-139.87921	-2.7845526E-5	-0.00246420584070797
-137.38081	-2.8465666E-5	-0.00251908548672566
-134.88416	-2.7737091E-5	-0.00245460982300885
-132.39328	-2.5384799E-5	-0.00224644238938053
-129.88262	-2.6637808E-5	-0.00235732814159292
-127.39381	-2.581168E-5	-0.00228421946902655
-124.88835	-2.2684465E-5	-0.00200747477876106
-122.38293	-2.6069309E-5	-0.00230701849557522
-119.89807	-2.536693E-5	-0.0022448610619469
-117.3994	-3.0296296E-5	-0.00268108814159292
-114.90599	-2.1817087E-5	-0.00193071566371681
-112.39847	-2.5145531E-5	-0.0022252682300885
-109.89393	-2.0421857E-5	-0.00180724398230088
-107.39351	-2.2699935E-5	-0.00200884380530973
-104.89804	-2.6195358E-5	-0.00231817327433628
-102.3692	-2.6120318E-5	-0.00231153256637168
-100.90721	-2.6123043E-5	-0.00231177371681416
-100.42404	-2.7261649E-5	-0.00241253530973451
-99.922018	-2.4724429E-5	-0.00218800256637168
-99.421544	-2.2798371E-5	-0.00201755495575221
-98.925703	-2.6384619E-5	-0.00233492203539823
-98.421417	-2.5638039E-5	-0.00226885300884956
-97.927944	-2.2742262E-5	-0.00201258955752212
-97.432621	-2.595147E-5	-0.00229659026548673
-96.937294	-2.5896958E-5	-0.00229176619469027
-96.430745	-2.3023922E-5	-0.00203751522123894
-95.940774	-2.682024E-5	-0.00237347256637168
-95.445652	-2.7140044E-5	-0.00240177380530974
-94.94487	-2.0996707E-5	-0.00185811566371681
-94.451293	-2.3543271E-5	-0.00208347530973451
-93.944745	-2.7538249E-5	-0.00243701318584071
-93.442724	-2.551658E-5	-0.00225810442477876
-92.944517	-2.3709772E-5	-0.00209820991150443
-92.459283	-2.6319496E-5	-0.0023291589380531
-91.962722	-2.1926325E-5	-0.00194038274336283
-91.463791	-2.6298999E-5	-0.00232734504424779
-90.971451	-2.2477801E-5	-0.00198918592920354
-90.457384	-2.3507948E-5	-0.00208034938053097
-89.963397	-2.3335341E-5	-0.00206507442477876
-89.465912	-2.2323369E-5	-0.00197551938053097
-88.966362	-2.5430449E-5	-0.00225048221238938
-88.472374	-2.2097806E-5	-0.00195555805309735
-87.970872	-1.9896664E-5	-0.00176076672566372
-87.468337	-2.7388395E-5	-0.0024237517699115
-86.976307	-2.3571438E-5	-0.00208596796460177
-86.480774	-2.3791854E-5	-0.00210547380530973
-85.985551	-1.9675147E-5	-0.00174116345132743
-85.489197	-1.9957322E-5	-0.00176613469026549
-84.98903	-2.1502768E-5	-0.00190289982300885
-84.481452	-2.2767422E-5	-0.00201481610619469
-83.991377	-2.1593396E-5	-0.00191092
-83.497905	-2.5434622E-5	-0.00225085150442478
-82.982603	-2.2999412E-5	-0.00203534619469027
-82.498502	-2.1226622E-5	-0.00187846212389381
-82.001119	-2.3674494E-5	-0.00209508796460177
-81.506101	-2.1467413E-5	-0.0018997710619469
-81.011908	-2.6074849E-5	-0.00230750876106195
-80.513287	-1.6613964E-5	-0.00147026230088496
-80.015491	-2.2068112E-5	-0.00195293026548673
-79.519959	-2.1313117E-5	-0.00188611654867257
-79.018043	-2.2195182E-5	-0.00196417539823009
-78.515405	-2.1140327E-5	-0.00187082539823009
-78.031936	-1.8169527E-5	-0.00160792274336283
-77.526751	-2.127052E-5	-0.00188234690265487
-77.028975	-2.1693135E-5	-0.00191974646017699
-76.537897	-1.7965831E-5	-0.00158989654867257
-76.027457	-2.4252036E-5	-0.0021461978761062
-75.54204	-2.0409604E-5	-0.0018061596460177
-75.049107	-2.1794838E-5	-0.00192874672566372
-74.530946	-2.1790925E-5	-0.00192840044247788
-74.052531	-1.9410946E-5	-0.00171778283185841
-73.547241	-1.9804851E-5	-0.00175264168141593
-73.054513	-2.0843421E-5	-0.00184455053097345
-72.549839	-1.8272085E-5	-0.00161699867256637
-72.058863	-1.5841131E-5	-0.00140187
-71.562736	-1.9670426E-5	-0.00174074566371681
-71.063111	-2.2487181E-5	-0.00199001601769912
-70.566778	-2.0248521E-5	-0.00179190451327434
-70.065298	-1.738619E-5	-0.00153860088495575
-69.570615	-1.8713077E-5	-0.00165602451327434
-69.069957	-2.1297861E-5	-0.00188476646017699
-68.57373	-2.3049037E-5	-0.00203973778761062
-68.07091	-1.9449556E-5	-0.0017211996460177
-67.572209	-1.9909536E-5	-0.00176190584070796
-67.079174	-2.2883039E-5	-0.00202504769911504
-66.585313	-1.6747724E-5	-0.00148209946902655
-66.083421	-1.2891387E-5	-0.0011408307079646
-65.585442	-1.694808E-5	-0.00149983008849558
-65.081595	-2.1722357E-5	-0.00192233247787611
-64.58969	-1.7981768E-5	-0.00159130690265487
-64.091506	-2.1498466E-5	-0.00190251911504425
-63.592908	-2.3188836E-5	-0.00205210938053097
-63.09184	-1.7631528E-5	-0.00156031221238938
-62.586653	-1.8283171E-5	-0.00161797973451327
-62.098351	-2.17373E-5	-0.00192365486725664
-61.587398	-1.7700837E-5	-0.00156644575221239
-61.088288	-2.1971631E-5	-0.00194439212389381
-60.598236	-1.6685496E-5	-0.00147659256637168
-60.094696	-1.9922304E-5	-0.00176303575221239
-59.591981	-1.6380934E-5	-0.00144964017699115
-59.095753	-1.6942937E-5	-0.00149937495575221
-58.603643	-1.6924266E-5	-0.00149772265486726
-58.086921	-1.688874E-5	-0.00149457876106195
-57.5875	-1.6150255E-5	-0.00142922610619469
-57.105175	-1.8978478E-5	-0.00167951132743363
-56.598443	-1.6811748E-5	-0.00148776530973451
-56.096755	-1.8441699E-5	-0.00163200876106195
-55.601145	-1.6616908E-5	-0.00147052283185841
-55.099973	-2.0386643E-5	-0.00180412769911504
-54.61013	-1.8685841E-5	-0.00165361424778761
-54.106177	-1.9406372E-5	-0.00171737805309735
-53.609124	-1.9521724E-5	-0.00172758619469027
-53.102496	-1.9903662E-5	-0.00176138601769912
-52.614814	-1.5247708E-5	-0.00134935469026549
-52.113437	-1.9270515E-5	-0.00170535530973451
-51.611956	-1.6591084E-5	-0.00146823752212389
-51.220553	-1.6146045E-5	-0.00142885353982301
-50.71886	-1.3773197E-5	-0.00121886699115044
-50.207183	-1.7385464E-5	-0.00153853663716814
-49.719192	-1.8086513E-5	-0.00160057637168142
-49.214829	-1.5584299E-5	-0.00137914150442478
-48.716644	-1.8491572E-5	-0.00163642230088496
-48.211457	-2.1306071E-5	-0.00188549300884956
-47.720171	-2.0202128E-5	-0.0017877989380531
-47.220647	-1.492555E-5	-0.00132084513274336
-46.723491	-1.6798546E-5	-0.00148659699115044
-46.21923	-1.6292713E-5	-0.00144183300884956
-45.721354	-2.0874514E-5	-0.00184730212389381
-45.221006	-1.7104225E-5	-0.0015136482300885
-44.722718	-1.8649786E-5	-0.00165042353982301
-44.23483	-1.8992469E-5	-0.00168074946902655
-43.731909	-1.6421067E-5	-0.0014531917699115
-43.230531	-1.4490362E-5	-0.00128233292035398
-42.728021	-1.337292E-5	-0.00118344424778761
-42.223967	-1.7860881E-5	-0.0015806089380531
-41.736284	-1.4668635E-5	-0.0012981092920354
-41.223889	-1.5925278E-5	-0.00140931663716814
-40.738474	-1.5862004E-5	-0.00140371716814159
-40.232669	-1.6663788E-5	-0.00147467150442478
-39.73922	-1.8845233E-5	-0.00166771973451327
-39.235268	-1.8279827E-5	-0.00161768380530973
-38.738113	-1.4238583E-5	-0.00126005159292035
-38.24487	-1.3418564E-5	-0.00118748353982301
-37.744214	-1.7712152E-5	-0.00156744707964602
-37.247676	-1.647647E-5	-0.00145809469026549
-36.75052	-1.240505E-5	-0.00109779203539823
-36.246466	-1.1615739E-5	-0.00102794150442478
-35.740969	-1.5894922E-5	-0.00140663026548673
-35.24402	-1.6532037E-5	-0.00146301212389381
-34.7481	-1.5739901E-5	-0.00139291159292035
-34.243119	-1.2883146E-5	-0.0011401014159292
-33.739579	-1.6739304E-5	-0.00148135433628319
-33.246027	-1.4988218E-5	-0.00132639097345133
-32.753815	-1.5520376E-5	-0.00137348460176991
-32.252026	-1.0779538E-5	-9.53941415929204E-4
-31.751164	-1.2864499E-5	-0.00113845123893805
-31.262967	-1.2478868E-5	-0.00110432460176991
-30.743261	-1.4862341E-5	-0.0013152514159292
-30.259492	-1.8517603E-5	-0.00163872592920354
-29.759865	-1.6323118E-5	-0.00144452371681416
-29.252001	-1.3621312E-5	-0.00120542584070796
-28.749387	-1.5250782E-5	-0.00134962672566372
-28.256247	-1.3503333E-5	-0.00119498522123894
-27.75971	-1.247398E-5	-0.00110389203539823
-27.259878	-1.2393253E-5	-0.00109674805309735
-26.747894	-1.0151458E-5	-8.98359115044248E-4
-26.253725	-9.171593E-6	-8.11645398230089E-4
-25.745242	-1.1561424E-5	-0.00102313486725664
-25.258384	-1.0108955E-5	-8.9459778761062E-4
-24.747636	-1.4562918E-5	-0.00128875380530973
-24.255835	-1.1514274E-5	-0.00101896230088496
-23.746385	-1.1924678E-5	-0.00105528123893805
-23.245927	-1.5874247E-5	-0.00140480061946903
-22.74685	-1.5600857E-5	-0.00138060681415929
-22.24253	-8.5316802E-6	-7.55015946902655E-4
-21.740574	-1.3087467E-5	-0.00115818292035398
-21.247256	-9.3010459E-6	-8.23101407079646E-4
-20.750235	-9.8501507E-6	-8.7169475221239E-4
-20.24427	-1.2823383E-5	-0.00113481265486726
-19.751054	-1.3285453E-5	-0.00117570380530973
-19.253211	-1.3286465E-5	-0.00117579336283186
-18.744676	-7.4860099E-6	-6.62478752212389E-4
-18.248992	-1.0502835E-5	-9.29454424778761E-4
-17.747242	-1.1275177E-5	-9.97803274336284E-4
-17.250016	-1.0543108E-5	-9.33018407079646E-4
-16.749398	-1.0722481E-5	-9.48892123893805E-4
-16.252481	-1.2163906E-5	-0.00107645185840708
-15.747441	-1.0139451E-5	-8.97296548672566E-4
-15.250215	-9.863184E-6	-8.7284814159292E-4
-14.747642	-7.3412573E-6	-6.49668787610619E-4
-14.257717	-1.297744E-5	-0.00114844601769912
-13.748255	-6.3016217E-6	-5.57665637168142E-4
-13.247636	-7.2910425E-6	-6.45225E-4
-12.757711	-1.3639031E-5	-0.00120699389380531
-12.256373	-1.022917E-5	-9.05236283185841E-4
-11.750096	-7.7023069E-6	-6.81620079646018E-4
-11.257805	-6.4628864E-6	-5.71936849557522E-4
-10.752559	-1.1137145E-5	-9.85588053097345E-4
-10.250707	-6.8642424E-6	-6.07455079646018E-4
-9.7602671	-1.1054301E-5	-9.78256725663717E-4
-9.2608822	-1.111361E-5	-9.83505309734514E-4
-8.7520377	-5.5718211E-6	-4.93081513274336E-4
-8.2538867	-1.1405796E-5	-0.00100936247787611
-7.7572779	-5.5998779E-6	-4.95564415929204E-4
-7.2619027	-7.3736694E-6	-6.52537115044248E-4
-6.7560402	-5.611137E-6	-4.96560796460177E-4
-6.2470931	-9.7666775E-6	-8.64307743362832E-4
-5.7531575	-7.1759095E-6	-6.35036238938053E-4
-5.254081	-8.7412215E-6	-7.73559424778761E-4
-4.7566496	-1.0756427E-5	-9.51896194690266E-4
-4.260966	-6.4478021E-6	-5.70601955752212E-4
-3.751505	-7.4000443E-6	-6.5487117699115E-4
-3.2466707	-4.879381E-6	-4.31803628318584E-4
-2.7412195	-1.1235035E-5	-9.94250884955752E-4
-2.2583881	-3.5961734E-6	-3.18245433628319E-4
-1.7589003	-6.7309575E-6	-5.95659955752212E-4
-1.3277862	-6.3464978E-6	-5.61636973451327E-4
-0.82398006	-6.5407819E-6	-5.78830256637168E-4
-0.32315462	-9.6199104E-6	-8.51319504424779E-4
0.17359867	-8.6315805E-6	-7.63856681415929E-4
0.67514139	-5.9162897E-6	-5.23565460176991E-4
1.1849504	-7.2525807E-6	-6.41821300884956E-4
1.680329	-6.7313182E-6	-5.95691876106195E-4
2.1731307	-3.6996642E-6	-3.27403911504425E-4
2.6774767	-5.5236182E-6	-4.88815769911504E-4
3.1742983	-5.6836765E-6	-5.02980221238938E-4
3.6765829	-5.0558378E-6	-4.47419274336283E-4
4.1825782	-6.3634677E-6	-5.63138734513274E-4
4.6703292	-3.2666855E-6	-2.89087212389381E-4
5.1823028	-3.623613E-6	-3.20673716814159E-4
5.6762383	-4.7517671E-6	-4.20510362831858E-4
6.1761522	-2.518451E-6	-2.22871769911504E-4
6.6730768	-4.1517842E-6	-3.67414530973451E-4
7.1687647	-6.4386913E-6	-5.69795690265487E-4
7.6809446	-6.1785777E-6	-5.4677678761062E-4
8.1754983	-6.0865538E-6	-5.38633079646018E-4
8.6762366	-3.1743189E-6	-2.8091317699115E-4
9.1756352	-5.2172687E-6	-4.61705194690266E-4
9.6736938	-4.518739E-6	-3.99888407079646E-4
10.165774	-2.2411792E-6	-1.98334442477876E-4
10.670738	-6.2382535E-6	-5.52057831858407E-4
11.174466	-3.8551609E-6	-3.41164681415929E-4
11.671803	-5.978715E-6	-5.2908982300885E-4
12.169965	-6.383028E-6	-5.64869734513274E-4
12.676272	-2.9686465E-6	-2.62712079646018E-4
13.185463	1.976851E-7	1.74942566371681E-5
13.676409	-1.9892348E-6	-1.76038477876106E-4
14.175498	-8.3046115E-6	-7.34921371681416E-4
14.677474	-5.0046983E-6	-4.42893654867257E-4
15.167802	1.9273365E-6	1.70560752212389E-4
15.671117	-8.5608351E-6	-7.57596026548673E-4
16.167217	-9.4956345E-7	-8.40321637168142E-5
16.674964	2.0561096E-6	1.81956601769912E-4
17.180238	-1.9497603E-6	-1.72545159292035E-4
17.677369	-2.2869586E-6	-2.02385716814159E-4
18.16646	-3.2890305E-6	-2.91064646017699E-4
18.682866	-3.0469661E-6	-2.69643017699115E-4
19.174637	-3.2870457E-6	-2.90889E-4
19.676304	-9.1419094E-7	-8.09018530973451E-5
20.172816	-4.8645291E-6	-4.30489300884956E-4
20.682728	-3.9675054E-6	-3.51106672566372E-4
21.172592	-5.9671686E-7	-5.28068017699115E-5
21.663435	-2.7791967E-6	-2.45946610619469E-4
22.166441	4.7016941E-7	4.16079123893805E-5
22.66718	-3.2867467E-6	-2.90862539823009E-4
23.160394	-2.5862732E-7	-2.28873734513274E-5
23.675512	-5.3930541E-7	-4.77261424778761E-5
24.154398	1.5130805E-6	1.3390092920354E-4
24.676339	2.739244E-6	2.42410973451327E-4
25.172386	-2.4682067E-6	-2.18425371681416E-4
25.687769	-2.0690915E-6	-1.83105442477876E-4
26.169224	-1.1270882E-6	-9.97423185840708E-5
26.674258	1.4904179E-6	1.31895389380531E-4
27.170591	1.4418202E-6	1.27594707964602E-4
27.690245	2.2275695E-6	1.97130044247788E-4
28.16959	-1.3717464E-7	-1.21393486725664E-5
28.668137	1.0830372E-6	9.5844E-5
29.167251	1.0580528E-6	9.36329911504425E-5
29.671615	-1.2851324E-6	-1.13728530973451E-4
30.172633	-2.4812075E-6	-2.19575884955752E-4
30.676071	-1.856322E-6	-1.64276283185841E-4
31.182803	-9.8748437E-7	-8.73879973451328E-5
31.672753	6.6611508E-7	5.89482371681416E-5
32.182213	4.0225951E-6	3.55981867256637E-4
32.671493	3.8187945E-6	3.37946415929204E-4
33.177917	1.70309E-6	1.5071592920354E-4
33.682385	1.0710566E-6	9.47837699115044E-5
34.178769	5.2325261E-6	4.63055407079646E-4
34.679582	-7.1306443E-8	-6.31030469026549E-6
35.171282	1.7242379E-6	1.52587424778761E-4
35.678272	-3.5012068E-7	-3.09841309734513E-5
36.18413	-4.3989516E-7	-3.89287752212389E-5
36.674697	4.9679818E-6	4.39644407079646E-4
37.179215	4.5713535E-6	4.04544557522124E-4
37.672254	4.004309E-6	3.54363628318584E-4
38.179398	4.4349288E-6	3.92471575221239E-4
38.655963	1.9053607E-7	1.68615991150442E-5
39.179066	4.3819091E-6	3.87779566371681E-4
39.682556	2.3972865E-6	2.12149247787611E-4
40.173329	5.6988041E-6	5.04318946902655E-4
40.667551	3.2156135E-6	2.84567566371681E-4
41.189986	2.8522314E-6	2.5240985840708E-4
41.682612	3.7755476E-6	3.34119256637168E-4
42.17354	1.2760742E-6	1.12926920353982E-4
42.672653	3.8996505E-6	3.45101814159292E-4
43.170891	4.3755951E-6	3.87220805309735E-4
43.674277	1.9572755E-6	1.73210221238938E-4
44.165308	4.3016736E-6	3.80679079646018E-4
44.673122	5.6535752E-6	5.00316389380531E-4
45.169507	6.9239769E-6	6.12741318584071E-4
45.665634	2.3824867E-6	2.10839530973451E-4
46.17942	3.5005074E-6	3.09779415929204E-4
46.666538	3.6582454E-6	3.23738530973451E-4
47.165136	3.4948823E-6	3.09281619469027E-4
47.67573	1.2539487E-6	1.10968911504425E-4
48.173196	4.5327024E-6	4.0112410619469E-4
48.447696	5.3215053E-6	4.70929672566372E-4
48.914582	6.066122E-6	5.36824955752212E-4
49.425742	-1.1047405E-6	-9.77646460176991E-5
49.921149	2.0201606E-6	1.78775274336283E-4
50.428242	6.1755882E-6	5.46512230088496E-4
50.919633	5.0120657E-6	4.43545637168142E-4
51.423997	3.0974773E-6	2.7411303539823E-4
51.928208	6.5778593E-6	5.82111442477876E-4
52.426297	3.0045778E-6	2.65891840707965E-4
52.929635	5.3975089E-6	4.77655654867257E-4
53.434514	5.8146511E-6	5.1457089380531E-4
53.926112	9.905361E-6	8.76580619469027E-4
54.421725	7.4933533E-6	6.63128610619469E-4
54.924133	1.0907996E-5	9.65309380530974E-4
55.421134	7.1067615E-6	6.28916946902655E-4
55.920042	3.4423777E-6	3.04635194690265E-4
56.42487	9.9281076E-6	8.78593592920354E-4
56.916725	5.1121261E-6	4.52400539823009E-4
57.405696	6.6025687E-6	5.84298115044248E-4
57.924989	7.4220368E-6	6.56817415929204E-4
58.439651	3.9362693E-6	3.48342415929203E-4
58.923834	5.5044344E-6	4.87118088495575E-4
59.433502	7.7389463E-6	6.84862504424779E-4
59.830116	8.022748E-6	7.09977699115044E-4
60.357337	7.3879399E-6	6.53799991150443E-4
60.917972	4.159199E-6	3.68070707964602E-4
61.413327	9.9128341E-6	8.77241955752212E-4
61.927319	8.0068141E-6	7.08567619469027E-4
62.417885	7.5155418E-6	6.65092194690266E-4
62.913961	8.1319435E-6	7.19641017699115E-4
63.413075	6.323561E-6	5.59607168141593E-4
63.908584	7.5293763E-6	6.66316486725664E-4
64.418046	8.288486E-6	7.33494336283186E-4
64.918859	9.5810785E-6	8.47883053097345E-4
65.416427	5.7448213E-6	5.08391265486726E-4
65.919865	6.4745435E-6	5.72968451327434E-4
66.405798	9.2338123E-6	8.17151530973451E-4
66.920974	1.0046339E-5	8.89056548672567E-4
67.417874	1.2517435E-5	0.00110773761061947
67.911529	1.0972159E-5	9.70987522123894E-4
68.409459	7.3487303E-6	6.50330115044248E-4
68.908006	6.1853519E-6	5.47376274336283E-4
69.406913	8.1758963E-6	7.23530646017699E-4
69.907365	1.1223579E-5	9.93237079646018E-4
70.413172	9.6048195E-6	8.49984026548673E-4
70.909814	8.9551219E-6	7.92488663716814E-4
71.396108	1.1368665E-5	0.00100607654867257
71.900627	7.5455463E-6	6.67747460176991E-4
72.401542	9.7459642E-6	8.62474707964602E-4
72.902046	9.0128808E-6	7.9760007079646E-4
73.40121	1.3914837E-5	0.00123140150442478
73.900426	1.373804E-5	0.00121575575221239
74.399024	8.1390735E-6	7.20271991150442E-4
74.899426	8.8133745E-6	7.79944646017699E-4
75.392979	1.1366341E-5	0.00100587088495575
75.902491	9.0615377E-6	8.01905991150443E-4
76.398258	1.2582649E-5	0.00111350876106195
76.88445	7.277256E-6	6.44004955752212E-4
77.368531	8.7254022E-6	7.72159486725664E-4
77.870166	9.8537974E-6	8.72017469026549E-4
78.388327	1.3813637E-5	0.00122244575221239
78.886514	8.4399945E-6	7.46902168141593E-4
79.393402	1.2298851E-5	0.00108839389380531
79.879381	1.5325526E-5	0.00135624123893805
80.3826	1.0960839E-5	9.69985752212389E-4
80.881855	1.0416839E-5	9.21844159292035E-4
81.406746	1.098024E-5	9.71702654867257E-4
81.892257	1.0499629E-5	9.29170707964602E-4
82.396556	1.1338408E-5	0.0010033989380531
82.903533	9.680711E-6	8.56700088495575E-4
83.394293	1.2283821E-5	0.00108706380530973
83.89463	1.1367134E-5	0.0010059410619469
84.383846	1.3546161E-5	0.00119877530973451
84.896589	1.2274447E-5	0.00108623424778761
85.382563	8.0679333E-6	7.13976398230089E-4
85.896593	8.3063223E-6	7.35072769911504E-4
86.387459	9.1669496E-6	8.11234477876106E-4
86.885786	1.1566333E-5	0.0010235692920354
87.387412	1.1285175E-5	9.98688053097345E-4
87.882289	1.3742665E-5	0.00121616504424779
88.387105	9.7267775E-6	8.60776769911505E-4
88.89372	1.0613685E-5	9.39264159292035E-4
89.379542	1.398585E-5	0.00123768584070796
89.879311	1.1406313E-5	0.0010094082300885
90.379082	1.2327909E-5	0.00109096539823009
90.878439	1.3876454E-5	0.00122800477876106
91.372701	1.3113354E-5	0.00116047380530973
91.881788	9.3201759E-6	8.24794327433628E-4
92.375175	1.4955413E-5	0.00132348787610619
92.863567	1.7282953E-5	0.00152946486725664
93.371472	1.4257514E-5	0.00126172690265487
93.861873	1.4928561E-5	0.00132111159292035
94.35495	1.448904E-5	0.00128221592920354
94.882158	1.8296941E-5	0.00161919831858407
95.387748	1.4002684E-5	0.00123917557522124
95.918354	1.2932163E-5	0.00114443920353982
96.407108	1.0733098E-5	9.49831681415929E-4
96.893441	1.6348325E-5	0.00144675442477876
97.364331	1.4431711E-5	0.00127714256637168
97.846909	1.2685114E-5	0.00112257646017699
99.05134	1.37308E-5	0.00121511504424779
101.52167	1.371302E-5	0.00121354159292035
104.02984	1.522578E-5	0.00134741415929204
106.53199	1.5225702E-5	0.00134740725663717
109.03352	1.2475016E-5	0.00110398371681416
111.52485	1.4621071E-5	0.00129390008849558
114.02747	1.4819374E-5	0.00131144902654867
116.53847	1.4683767E-5	0.00129944840707965
119.0228	1.5903693E-5	0.00140740646017699
121.52082	1.8705031E-5	0.00165531247787611
124.0258	1.8910014E-5	0.00167345256637168
126.53012	1.8531308E-5	0.00163993876106195
129.02521	2.091887E-5	0.00185122743362832
131.51554	1.7007115E-5	0.00150505442477876
134.02254	1.9743657E-5	0.00174722628318584
136.51626	2.0511862E-5	0.00181520902654867
139.01832	2.0304057E-5	0.00179681920353982
141.52661	2.0712677E-5	0.00183298026548673
144.02053	2.322391E-5	0.00205521327433628
146.52471	2.2164807E-5	0.00196148734513274
149.01307	2.3073659E-5	0.00204191672566372
151.52554	2.2872459E-5	0.0020241114159292
154.00088	2.4314264E-5	0.00215170477876106
156.51509	2.2780391E-5	0.00201596380530973
159.02107	2.4558758E-5	0.0021733414159292
161.51541	2.2215253E-5	0.00196595159292035
164.00856	2.7489706E-5	0.00243271734513274
166.51659	2.568285E-5	0.0022728185840708
169.01248	1.9805063E-5	0.00175266044247788
171.51273	2.5900899E-5	0.00229211495575221
174.00842	2.4769269E-5	0.0021919707079646
176.50791	2.4160223E-5	0.00213807283185841
179.00689	2.627801E-5	0.00232548761061947
181.51714	2.9364064E-5	0.00259858973451327
184.00309	2.3994219E-5	0.00212338221238938
186.51412	2.4529446E-5	0.00217074743362832
189.03565	2.9328275E-5	0.00259542256637168
191.53112	2.8102112E-5	0.00248691256637168
194.02768	2.7907947E-5	0.00246972982300885
196.5316	3.0665347E-5	0.00271374752212389
199.03377	2.837249E-5	0.00251083982300885
201.5272	2.9120334E-5	0.0025770207079646
204.03036	2.9052046E-5	0.00257097752212389
206.52964	2.9921741E-5	0.00264794168141593
209.03345	3.214822E-5	0.00284497522123894
211.52682	3.1635182E-5	0.00279957362831858
214.03239	3.0848156E-5	0.00272992530973451
216.5257	3.1685258E-5	0.00280400513274336
219.02278	3.3503129E-5	0.00296487867256637
221.53535	3.1405919E-5	0.00277928486725664
224.02021	3.2266795E-5	0.0028554685840708
226.51872	3.0824959E-5	0.00272787247787611
229.02169	3.2073939E-5	0.00283840168141593
231.51917	3.3909857E-5	0.00300087230088496
234.01654	3.1332735E-5	0.00277280840707965
236.52936	3.5337697E-5	0.00312722982300885
239.01938	3.3776568E-5	0.00298907681415929
241.52782	3.535094E-5	0.00312840176991151
244.0146	3.4962946E-5	0.00309406601769912
246.52047	3.5136332E-5	0.00310940991150443
249.02541	3.696225E-5	0.00327099557522124
251.52079	3.5038559E-5	0.00310075743362832
254.01468	3.4683736E-5	0.00306935716814159
256.52194	3.7448563E-5	0.00331403212389381
259.02323	3.914821E-5	0.00346444336283186
261.50562	3.6274316E-5	0.00321011646017699
264.01005	3.6666318E-5	0.00324480690265487
266.49373	4.0201973E-5	0.00355769672566372
268.99244	3.8649871E-5	0.00342034256637168
271.50182	3.9255435E-5	0.00347393230088496
273.98266	3.7460814E-5	0.00331511628318584
276.48388	3.7931748E-5	0.00335679185840708
278.98614	3.9384815E-5	0.00348538185840708
281.48314	3.8462155E-5	0.00340373053097345
283.96979	3.9754963E-5	0.00351813831858407
286.47833	3.6863771E-5	0.00326228061946903
288.96565	3.9342567E-5	0.00348164309734513
291.46312	3.8880744E-5	0.00344077380530974
293.95765	3.7766911E-5	0.00334220451327434
296.45259	3.7617155E-5	0.0033289517699115
299.49087	3.9497756E-5	0.00349537663716814
303.2302	4.0734957E-5	0.00360486345132743
306.97354	4.1521675E-5	0.00367448451327434
310.73325	4.3505072E-5	0.00385000637168142
314.47464	4.1505743E-5	0.00367307460176991
318.22668	4.0883372E-5	0.00361799752212389
321.96971	3.8922797E-5	0.00344449530973451
325.72826	4.3983691E-5	0.00389236203539823
329.46512	3.991276E-5	0.00353210265486726
333.2115	4.570524E-5	0.00404471150442478
336.9657	4.4184797E-5	0.00391015902654867
340.71146	4.4520656E-5	0.0039398810619469
344.45002	4.1970714E-5	0.00371422247787611
348.20525	4.5867647E-5	0.00405908380530974
351.94859	4.1505329E-5	0.00367303796460177
355.69754	4.2994015E-5	0.00380478008849558
359.44928	4.4643148E-5	0.0039507210619469
363.1939	4.3636314E-5	0.0038616207079646
366.94935	4.321482E-5	0.0038243203539823
370.68465	4.0912945E-5	0.00362061460176991
374.4353	4.4643838E-5	0.00395078212389381
378.18779	4.8068153E-5	0.00425381884955752
381.92611	4.6908332E-5	0.00415117982300885
385.69254	4.7781947E-5	0.00422849088495575
389.41542	4.6374755E-5	0.00410396061946903
393.18298	4.547825E-5	0.00402462389380531
396.92079	4.4187795E-5	0.00391042433628319
400.66936	4.7479198E-5	0.0042016989380531
404.41926	4.4178722E-5	0.0039096214159292
408.16011	4.7618834E-5	0.00421405610619469
411.91022	4.7621854E-5	0.00421432336283186
415.66058	4.463335E-5	0.00394985398230089
419.4159	4.8964393E-5	0.00433313212389381
423.20301	4.943532E-5	0.00437480707964602
426.95116	4.7944828E-5	0.00424290513274336
430.69123	4.6345879E-5	0.00410140522123894
434.42951	4.8864021E-5	0.0043242496460177
438.18645	4.6909396E-5	0.00415127398230089
441.93049	5.2180638E-5	0.00461775557522124
445.6805	4.9035315E-5	0.00433940840707965
449.42253	5.1819747E-5	0.00458581831858407
453.18108	4.7085141E-5	0.00416682663716814
456.93329	4.4245582E-5	0.0039155382300885
460.70487	4.6549602E-5	0.00411943380530974
464.45586	4.7104137E-5	0.00416850769911505
468.20242	5.0594143E-5	0.00447735778761062
471.94522	4.8287967E-5	0.0042732714159292
475.72646	4.7562829E-5	0.00420909991150443
479.48393	4.7583498E-5	0.00421092902654867
483.22488	5.0499454E-5	0.0044689782300885
486.97612	5.0205394E-5	0.00444295522123894
490.73854	4.9799496E-5	0.00440703504424779
494.50727	4.964009E-5	0.00439292831858407
498.25974	4.494376E-5	0.00397732389380531
502.00532	4.9153562E-5	0.00434987274336283
505.75945	5.0865047E-5	0.00450133159292035
509.50857	5.0386114E-5	0.00445894814159292
513.24256	5.3308981E-5	0.0047176089380531
516.99406	4.9675956E-5	0.00439610230088496
520.74112	4.4272359E-5	0.00391790787610619
524.49267	4.9761146E-5	0.00440364123893805
528.23156	5.1069095E-5	0.0045193889380531
531.98774	5.6486078E-5	0.00499876796460177
535.73111	5.5398659E-5	0.00490253619469027
539.49192	4.875335E-5	0.00431445575221239
543.22232	4.8474968E-5	0.00428982017699115
546.98833	4.7554522E-5	0.00420836477876106
550.72311	5.2216511E-5	0.00462093017699115
554.46529	5.440053E-5	0.00481420619469027
558.21925	5.1845754E-5	0.00458811982300885
561.9848	4.7643368E-5	0.00421622725663717
565.75158	4.8810767E-5	0.00431953690265487
569.49787	5.6226876E-5	0.00497582973451328
573.25097	5.4475601E-5	0.0048208496460177
576.98796	5.2387434E-5	0.00463605610619469
580.74032	5.4884818E-5	0.00485706353982301
584.48817	5.0143891E-5	0.00443751247787611
588.23556	5.2730212E-5	0.00466639044247788
591.98678	4.735405E-5	0.00419062389380531
595.73402	5.0683721E-5	0.00448528504424779
600.00215	5.4390574E-5	0.00481332513274336
604.99286	5.0555139E-5	0.00447390610619469
609.9915	5.0526455E-5	0.00447136769911504
614.98745	5.2163385E-5	0.00461622876106195
619.95898	5.5147177E-5	0.00488028115044248
624.95979	5.0957431E-5	0.00450950716814159
629.95516	4.8472729E-5	0.00428962203539823
634.94906	5.4162926E-5	0.0047931792920354
639.93323	4.9407705E-5	0.00437236327433628
644.93522	5.0835183E-5	0.00449868876106195
649.92115	5.4331059E-5	0.00480805831858407
654.91524	4.7767572E-5	0.00422721876106195
659.91449	5.3998198E-5	0.00477860159292035
664.89821	5.2483393E-5	0.00464454805309735
669.89061	5.6515866E-5	0.00500140407079646
674.89295	5.4963675E-5	0.00486404203539823
679.87713	5.3795458E-5	0.00476066
684.87144	4.880561E-5	0.00431908053097345
689.86411	5.3269644E-5	0.00471412778761062
694.85944	5.1743549E-5	0.00457907513274336
699.86152	5.3766784E-5	0.00475812247787611
704.83849	5.1331889E-5	0.00454264504424779
709.83286	5.4065408E-5	0.00478454938053097
714.82944	5.5751122E-5	0.00493372761061947
719.82014	5.5955815E-5	0.00495184203539823
724.81615	5.0543092E-5	0.00447284
729.81021	5.2581806E-5	0.00465325716814159
734.82593	5.46816E-5	0.0048390796460177
739.84541	5.4477674E-5	0.00482103309734513
744.83689	5.310214E-5	0.00469930442477876
749.8347	5.4558847E-5	0.00482821654867257
754.82644	5.0269717E-5	0.00444864752212389
759.81613	5.1157694E-5	0.00452722955752212
764.80634	5.431271E-5	0.00480643451327434
769.80142	5.3304452E-5	0.00471720814159292
774.78729	5.0156627E-5	0.00443863955752213
779.78331	5.500948E-5	0.00486809557522124
784.77006	5.1692902E-5	0.00457459309734513
789.77025	5.2045987E-5	0.00460583955752212
794.75159	5.6816632E-5	0.00502802053097345
799.75255	4.9661636E-5	0.00439483504424779
804.7389	5.5014013E-5	0.00486849672566372
809.73964	5.2615403E-5	0.0046562303539823
814.73658	5.3753045E-5	0.00475690663716814
819.72035	5.1165963E-5	0.00452796132743363
824.72274	5.1311727E-5	0.00454086079646018
829.7112	5.3661797E-5	0.00474883159292035
834.70906	5.6036373E-5	0.0049589710619469
839.69089	5.4635795E-5	0.00483502610619469
844.69069	5.3041564E-5	0.00469394371681416
849.66959	4.8533958E-5	0.00429504053097345
854.66898	5.135863E-5	0.00454501150442478
859.66397	5.0877826E-5	0.00450246247787611
864.6639	4.8834048E-5	0.00432159716814159
869.64627	5.4562792E-5	0.00482856566371682
874.65252	5.073916E-5	0.00449019115044248
879.63904	5.0914007E-5	0.00450566433628319
884.62415	4.8455263E-5	0.00428807637168142
889.62247	5.150013E-5	0.00455753362831858
894.60795	5.3335129E-5	0.00471992292035398
899.61142	5.1054434E-5	0.00451809150442478
904.6078	5.2057208E-5	0.00460683256637168
909.58966	5.3994251E-5	0.00477825230088496
914.58275	5.3393451E-5	0.00472508415929204
919.58334	5.4328182E-5	0.00480780371681416
924.56659	5.053687E-5	0.00447228938053097
929.56862	5.4938104E-5	0.00486177911504425
934.55522	5.0049888E-5	0.00442919362831858
939.5533	5.3088947E-5	0.00469813690265487
944.54108	4.8158682E-5	0.00426183026548673
949.5372	5.1334373E-5	0.00454286486725664
954.53085	5.2982988E-5	0.00468876
959.52187	4.7348457E-5	0.0041901289380531
964.51207	4.9702581E-5	0.00439845849557522
969.50535	5.1365009E-5	0.00454557601769912
974.48773	4.4638767E-5	0.00395033336283186
979.48797	5.0664332E-5	0.00448356920353982
984.48989	4.8551385E-5	0.00429658274336283
989.46965	5.0476655E-5	0.00446696061946903
994.46892	4.9418657E-5	0.00437333247787611
1006.1985	1.4900033E-5	0.00126271466101695
1345.1695	7.4869437E-6	6.34486754237288E-4
1684.1145	-2.7386282E-5	-0.0023208713559322
2023.0435	-5.290845E-5	-0.00448376694915254
2361.9944	-7.1713817E-5	-0.00607744211864407
2700.9357	-1.3103671E-4	-0.0111048059322034
3039.8875	-1.3032973E-4	-0.0110448923728814
3378.8223	-1.5869129E-4	-0.0134484144067797
3717.7742	-1.8009859E-4	-0.0152625923728814
4056.7136	-2.3695181E-4	-0.0200806618644068
4395.6494	-2.5769292E-4	-0.0218383830508475
4734.5972	-2.9926499E-4	-0.0253614398305085
5073.4987	-3.0853697E-4	-0.0261472008474576
5412.4477	-3.5581606E-4	-0.0301539033898305
5751.3906	-3.3028413E-4	-0.0279901805084746
6090.2893	-3.8978585E-4	-0.0330326991525424
6429.2204	-4.198072E-4	-0.0355768813559322
6768.1512	-4.5324568E-4	-0.0384106508474576
7107.0833	-4.8583366E-4	-0.0411723440677966
7446.0192	-5.3380904E-4	-0.0452380542372881
7784.9087	-5.6583915E-4	-0.0479524703389831
8123.8096	-6.1480053E-4	-0.0521017398305085
8462.6235	-6.2405207E-4	-0.0528857686440678
8801.4207	-5.5966694E-4	-0.0474294016949153
9140.1513	-5.7936699E-4	-0.0490988974576271
9478.8931	-6.2300446E-4	-0.0527969881355932
9817.611	-6.4100862E-4	-0.0543227644067797
