H	M	M over mass
Oe	emu	emu/g
x=7.6%, d =38%	x=7.6%, d =38%	x=7.6%, d =38%
0.86594612	6.722898E-5	0.00960414
2.8253894	6.7097812E-5	0.00958540171428571
4.7848456	6.9057299E-5	0.00986532842857143
6.7523416	6.8004077E-5	0.00971486814285714
8.7064376	6.7047983E-5	0.00957828328571429
10.667234	6.7309514E-5	0.00961564485714286
12.643596	6.2907126E-5	0.00898673228571428
14.590272	6.7914514E-5	0.00970207342857143
16.558902	6.4832336E-5	0.00926176228571429
18.507845	6.6945079E-5	0.00956358271428571
20.457406	6.5348852E-5	0.00933555028571429
22.417481	6.4828076E-5	0.00926115371428572
24.400033	6.7353625E-5	0.00962194642857143
26.35744	6.2365165E-5	0.00890930928571428
28.317496	6.1590427E-5	0.00879863242857143
30.279611	6.2206706E-5	0.00888667228571429
32.23596	6.7544374E-5	0.00964919628571429
34.204613	6.9916618E-5	0.00998808828571428
36.164772	6.4522111E-5	0.00921744442857143
38.12349	6.5635503E-5	0.00937650042857143
40.086737	6.7400275E-5	0.00962861071428571
42.032995	6.5018895E-5	0.00928841357142857
44.005819	6.3107487E-5	0.00901535528571428
45.968243	6.2915266E-5	0.00898789514285714
47.932006	6.4995695E-5	0.00928509928571429
49.885163	6.1700002E-5	0.008814286
51.848722	6.3449225E-5	0.009064175
53.806932	6.335009E-5	0.00905001285714286
55.768172	6.3559087E-5	0.00907986957142857
57.745423	6.1703824E-5	0.008814832
59.637317	6.947537E-5	0.00992505285714286
61.645406	5.9421436E-5	0.00848877657142857
63.615964	6.8673439E-5	0.00981049128571429
65.573445	6.1841779E-5	0.00883453985714286
67.548791	6.1333828E-5	0.00876197542857143
69.509516	6.352241E-5	0.00907463
71.473999	6.3286249E-5	0.00904089271428571
73.442343	6.1291974E-5	0.00875599628571429
75.410739	6.3115093E-5	0.00901644185714286
77.353291	5.7402904E-5	0.00820041485714286
79.311338	6.5098691E-5	0.009299813
81.286335	6.3583785E-5	0.00908339785714286
83.242582	5.9787929E-5	0.00854113271428571
85.192396	6.3372467E-5	0.00905320957142857
87.158631	6.4071331E-5	0.00915304728571428
89.115345	5.9335284E-5	0.00847646914285714
91.077412	6.184208E-5	0.00883458285714286
93.057496	6.1674764E-5	0.00881068057142857
95.068004	6.044079E-5	0.00863439857142857
96.967727	6.1445268E-5	0.00877789542857143
98.920734	6.3280238E-5	0.009040034
100.70988	6.1298445E-5	0.00875692071428572
102.68451	5.9589678E-5	0.00851281114285714
104.68941	6.2767202E-5	0.00896674314285714
106.69591	6.0252043E-5	0.00860743471428571
108.70889	5.9166632E-5	0.008452376
110.70591	5.8866301E-5	0.00840947157142857
112.71163	6.0654484E-5	0.00866492628571429
114.69985	5.9980026E-5	0.00856857514285714
116.69028	5.9524047E-5	0.00850343528571429
118.69337	6.4131975E-5	0.00916171071428571
120.6889	5.8745331E-5	0.00839219014285714
122.70435	6.2747203E-5	0.00896388614285714
124.69169	6.0055637E-5	0.00857937671428572
126.69552	5.8197385E-5	0.00831391214285714
128.68976	6.023651E-5	0.00860521571428571
130.69281	5.5823857E-5	0.00797483671428571
132.69889	5.9432062E-5	0.00849029457142857
134.66519	5.9116003E-5	0.00844514328571429
136.66952	6.2869252E-5	0.00898132171428571
138.69363	5.8816329E-5	0.00840233271428571
140.68035	5.8874839E-5	0.00841069128571429
142.70811	6.156258E-5	0.00879465428571429
144.70421	5.8790669E-5	0.008398667
146.69928	5.7638252E-5	0.008234036
148.69672	5.9436288E-5	0.00849089828571429
150.68804	5.929202E-5	0.00847028857142857
152.70453	5.5236177E-5	0.00789088242857143
154.69414	6.0280036E-5	0.00861143371428571
156.69472	6.2069576E-5	0.00886708228571428
158.70935	5.3630899E-5	0.007661557
160.71636	5.7726037E-5	0.00824657671428571
162.71426	5.8241276E-5	0.00832018228571429
164.71499	5.6113366E-5	0.00801619514285714
166.70785	5.8242589E-5	0.00832036985714286
168.72516	5.9920169E-5	0.00856002414285714
170.73582	5.5440476E-5	0.007920068
172.74458	5.5750753E-5	0.00796439328571429
174.74839	5.3868402E-5	0.007695486
176.74336	5.7473343E-5	0.00821047757142857
178.73103	5.5201061E-5	0.00788586585714286
180.74011	5.5687849E-5	0.007955407
182.73613	5.6714655E-5	0.00810209357142857
184.74635	6.3588175E-5	0.009084025
186.74498	5.8368809E-5	0.00833840128571429
188.7325	5.6909102E-5	0.00812987171428571
190.73649	5.4771692E-5	0.00782452742857143
192.73178	5.7627502E-5	0.00823250028571429
194.73742	5.490632E-5	0.00784376
196.73214	5.7498787E-5	0.00821411242857143
198.73268	5.3664875E-5	0.00766641071428571
202.0175	5.9818251E-5	0.00854546442857143
207.00753	5.4770481E-5	0.00782435442857143
212.00075	6.0128121E-5	0.00858973157142857
216.99098	5.8244892E-5	0.00832069885714286
222.0031	5.1397236E-5	0.00734246228571429
226.98918	5.2752691E-5	0.00753609871428571
231.98642	5.472243E-5	0.00781749
236.99749	5.3687789E-5	0.00766968414285714
241.98972	5.2713099E-5	0.00753044271428571
246.99286	5.4292721E-5	0.007756103
251.98717	4.8963016E-5	0.00699471657142857
256.98796	5.5980726E-5	0.00799724657142857
261.98281	4.9415088E-5	0.00705929828571429
266.9827	5.284157E-5	0.00754879571428571
271.98698	5.4140994E-5	0.00773442771428571
277.02264	5.0890155E-5	0.00727002214285714
282.03508	5.3733598E-5	0.00767622828571428
287.02697	5.4024702E-5	0.00771781457142857
292.03024	5.0267344E-5	0.00718104914285714
297.02265	4.8235831E-5	0.006890833
302.01908	4.9726459E-5	0.00710377985714286
307.01957	4.522695E-5	0.00646099285714286
312.03077	4.7757617E-5	0.00682251671428571
317.02122	4.8786932E-5	0.00696956171428571
322.02676	4.7861672E-5	0.00683738171428571
327.02337	4.4822635E-5	0.00640323357142857
332.01572	4.8237441E-5	0.006891063
337.01543	4.5941149E-5	0.00656302128571429
342.02056	4.9569247E-5	0.007081321
347.01122	4.6419341E-5	0.00663133442857143
352.00827	4.4279569E-5	0.00632565271428571
357.01421	4.6589659E-5	0.00665566557142857
362.01048	4.892466E-5	0.00698923714285714
367.02441	4.2762742E-5	0.00610896314285714
372.05373	4.3478401E-5	0.00621120014285714
377.05888	4.2351171E-5	0.00605016728571429
382.05415	3.9663457E-5	0.00566620814285714
387.06126	4.3355864E-5	0.00619369485714286
392.05855	4.5543621E-5	0.00650623157142857
397.05212	4.5645013E-5	0.00652071614285714
402.0612	4.3155622E-5	0.00616508885714286
407.04751	3.8694901E-5	0.005527843
412.04532	4.148506E-5	0.00592643714285714
417.04367	4.0754836E-5	0.00582211942857143
422.03875	3.5538849E-5	0.00507697842857143
427.04056	3.9232378E-5	0.00560462542857143
432.05173	3.9392112E-5	0.00562744457142857
437.04518	4.1899319E-5	0.005985617
442.04458	3.9363594E-5	0.00562337057142857
447.04218	3.8060738E-5	0.00543724828571429
452.06071	3.9996173E-5	0.005713739
457.09268	3.7656258E-5	0.00537946542857143
462.08832	3.3615605E-5	0.00480222928571429
467.08416	3.5687038E-5	0.00509814828571429
472.085	3.2111599E-5	0.00458737128571429
477.08284	3.7023578E-5	0.00528908257142857
482.08404	3.8985189E-5	0.00556931271428571
487.08451	3.4498362E-5	0.00492833742857143
492.08586	3.4858605E-5	0.00497980071428571
497.08559	3.5437131E-5	0.00506244728571429
502.07417	3.656761E-5	0.00522394428571429
507.07347	3.3451587E-5	0.00477879814285714
512.07699	3.0434811E-5	0.00434783014285714
517.07165	3.4124416E-5	0.00487491657142857
522.07945	3.6497918E-5	0.00521398828571428
527.09805	3.3093396E-5	0.004727628
532.10017	3.148232E-5	0.00449747428571429
537.09702	3.5083219E-5	0.00501188842857143
542.08912	2.7957827E-5	0.00399397528571429
547.07745	3.5415045E-5	0.00505929214285714
552.11772	3.0332222E-5	0.00433317457142857
557.1163	3.0674321E-5	0.00438204585714286
562.09482	2.5873979E-5	0.00369628271428571
567.09211	3.385776E-5	0.00483682285714286
572.08935	2.6356368E-5	0.00376519542857143
577.08397	2.7090476E-5	0.003870068
582.08271	2.6163233E-5	0.00373760471428571
587.06766	2.4849764E-5	0.00354996628571429
592.05646	2.6224146E-5	0.00374630657142857
597.05782	2.6172586E-5	0.00373894085714286
601.36471	2.8912221E-5	0.00413031728571429
605.10617	2.6797035E-5	0.00382814785714286
608.85093	2.7503456E-5	0.00392906514285714
612.59167	2.3705307E-5	0.00338647242857143
616.34281	3.0589853E-5	0.004369979
620.09014	2.3996883E-5	0.00342812614285714
623.83692	1.92592E-5	0.00275131428571429
627.59123	2.1028656E-5	0.00300409371428571
631.3328	2.5582097E-5	0.00365458528571429
635.09288	2.5299101E-5	0.00361415728571429
638.83847	2.2741332E-5	0.00324876171428571
642.57581	2.2053129E-5	0.003150447
646.32329	2.167515E-5	0.00309645
650.07355	1.5977084E-5	0.00228244057142857
653.81975	1.9082514E-5	0.00272607342857143
657.56785	2.0182878E-5	0.00288326828571429
661.31487	1.8336015E-5	0.00261943071428571
665.07049	2.2971023E-5	0.00328157471428571
668.80521	2.1338175E-5	0.00304831071428571
672.56098	1.853354E-5	0.00264764857142857
676.30708	1.869838E-5	0.00267119714285714
680.05857	1.9673776E-5	0.00281053942857143
683.80448	2.0735848E-5	0.002962264
687.5451	1.8809692E-5	0.00268709885714286
691.29819	1.6758819E-5	0.002394117
695.04366	1.8789121E-5	0.00268416014285714
698.78811	1.8957841E-5	0.002708263
702.53066	1.706316E-5	0.00243759428571429
706.28905	1.6116184E-5	0.002302312
710.04219	1.9568876E-5	0.00279555371428571
713.78149	1.70946E-5	0.00244208571428571
717.52625	1.6507097E-5	0.00235815671428571
721.27291	1.6941456E-5	0.002420208
725.02791	1.5041189E-5	0.00214874128571429
728.77215	1.7293255E-5	0.002470465
732.54797	1.5806952E-5	0.002258136
736.30447	2.0717937E-5	0.00295970528571429
740.05715	1.7104342E-5	0.00244347742857143
743.80484	1.6040701E-5	0.00229152871428571
747.55438	1.7002934E-5	0.00242899057142857
751.2976	1.3709381E-5	0.001958483
755.04619	1.3412785E-5	0.00191611214285714
758.78896	1.215304E-5	0.00173614857142857
762.53949	1.1950462E-5	0.00170720885714286
766.28945	1.2558137E-5	0.00179401957142857
770.04262	8.7647114E-6	0.00125210162857143
773.78682	7.0819464E-6	0.00101170662857143
777.52686	1.2100852E-5	0.00172869314285714
781.2772	7.0838052E-6	0.00101197217142857
785.02325	9.6657884E-6	0.00138082691428571
788.77625	1.0049067E-5	0.001435581
792.529	9.4639683E-6	0.00135199547142857
796.29883	5.7387148E-6	8.198164E-4
800.05081	1.0286801E-5	0.001469543
803.8001	7.2418079E-6	0.00103454398571429
807.54497	9.7166164E-6	0.00138808805714286
811.2952	1.0077474E-5	0.00143963914285714
815.04276	6.8865972E-6	9.837996E-4
818.79339	2.3027408E-6	3.28962971428571E-4
822.53097	9.3107156E-6	0.00133010222857143
826.27548	5.0585124E-6	7.22644628571429E-4
830.03579	6.4528964E-6	9.21842342857143E-4
833.78657	5.668505E-6	8.09786428571429E-4
837.52672	5.431886E-6	7.75983714285714E-4
841.27459	3.3538428E-6	4.791204E-4
845.02609	2.631896E-6	3.75985142857143E-4
848.77586	1.0424262E-6	1.48918028571429E-4
852.51671	5.2978257E-6	7.56832242857143E-4
856.28033	5.346757E-6	7.63822428571429E-4
860.05283	2.2968105E-6	3.28115785714286E-4
863.80253	5.7471823E-6	8.21026042857143E-4
867.55106	2.1242843E-6	3.03469185714286E-4
871.30299	-1.2287926E-6	-1.755418E-4
875.03665	6.9385713E-7	9.91224471428571E-5
878.78587	-1.789255E-6	-2.55607857142857E-4
882.53901	-1.6276986E-6	-2.32528371428571E-4
886.28714	-2.6680448E-6	-3.81149257142857E-4
890.03439	2.9386051E-7	4.19800728571429E-5
893.78095	-3.8937066E-6	-5.562438E-4
897.52939	-3.6292644E-6	-5.18466342857143E-4
901.26798	-4.622306E-6	-6.60329428571429E-4
905.01873	-4.0979575E-6	-5.854225E-4
908.77919	-6.1721816E-6	-8.81740228571429E-4
912.52262	-5.1141418E-6	-7.30591685714286E-4
916.26487	-6.0439789E-6	-8.63425557142857E-4
920.01989	-1.9738101E-6	-2.81972871428571E-4
923.75195	-3.3842608E-6	-4.83465828571429E-4
927.50346	-5.198224E-6	-7.42603428571429E-4
931.24978	-4.315694E-6	-6.16527714285714E-4
935.00005	-5.3268726E-6	-7.609818E-4
938.74461	-8.087001E-6	-0.00115528585714286
942.49305	-5.6686895E-6	-8.09812785714286E-4
946.2512	-7.1164345E-6	-0.0010166335
949.98546	-4.0511544E-6	-5.78736342857143E-4
953.74959	-7.9938229E-6	-0.0011419747
957.48314	-1.7985002E-5	-0.002569286
961.23353	-3.719161E-6	-5.31308714285714E-4
964.98267	-1.0048352E-5	-0.00143547885714286
968.73475	-1.0365638E-5	-0.00148080542857143
972.47876	-4.2407049E-6	-6.05814985714286E-4
976.22754	-5.9082367E-6	-8.44033814285714E-4
979.9687	-8.7092748E-6	-0.00124418211428571
983.72778	-7.5594781E-6	-0.00107992544285714
987.47492	-7.9770963E-6	-0.00113958518571429
991.21599	-1.3208361E-5	-0.00188690871428571
994.9676	-1.00213E-5	-0.00143161428571429
998.70821	-9.597664E-6	-0.00137109485714286
1002.4577	-8.8993617E-6	-0.00127133738571429
1006.2097	-1.3655578E-5	-0.00195079685714286
1009.9515	-1.1023928E-5	-0.00157484685714286
1013.7036	-9.7776213E-6	-0.00139680304285714
1017.4499	-1.4902833E-5	-0.00212897614285714
1021.1963	-1.3198593E-5	-0.00188551328571429
1024.9367	-8.9912243E-6	-0.00128446061428571
1028.6855	-1.5200303E-5	-0.00217147185714286
1032.4108	-1.2033777E-5	-0.001719111
1036.1547	-1.1792124E-5	-0.00168458914285714
1039.8863	-1.5783976E-5	-0.00225485371428571
1043.6148	-1.418524E-5	-0.00202646285714286
1047.3565	-1.7140944E-5	-0.00244870628571429
1051.0954	-1.6161603E-5	-0.00230880042857143
1054.8247	-1.1542285E-5	-0.00164889785714286
1058.5625	-1.8646879E-5	-0.00266383985714286
1062.2932	-1.513042E-5	-0.00216148857142857
1066.028	-1.6057872E-5	-0.00229398171428571
1069.7706	-1.7240488E-5	-0.00246292685714286
1073.492	-1.8829214E-5	-0.00268988771428571
1077.2361	-2.1048608E-5	-0.003006944
1080.9785	-2.1255058E-5	-0.00303643685714286
1084.7107	-2.2278935E-5	-0.003182705
1088.4438	-2.0256777E-5	-0.00289382528571429
1092.1788	-2.1440984E-5	-0.00306299771428571
1095.919	-2.056827E-5	-0.00293832428571429
1099.6444	-1.8442292E-5	-0.00263461314285714
1103.3874	-1.9797636E-5	-0.00282823371428571
1107.1131	-2.4430683E-5	-0.00349009757142857
1110.8522	-2.3312031E-5	-0.00333029014285714
1114.5858	-2.4360074E-5	-0.00348001057142857
1118.3249	-2.1594596E-5	-0.00308494228571429
1122.0549	-2.2147312E-5	-0.00316390171428571
1125.8003	-2.5773458E-5	-0.00368192257142857
1129.5307	-2.5475642E-5	-0.00363937742857143
1133.2702	-2.1027463E-5	-0.00300392328571429
1137.0029	-2.4672201E-5	-0.00352460014285714
1140.7345	-2.8705189E-5	-0.00410074128571429
1144.4711	-2.7101814E-5	-0.00387168771428571
1148.2098	-2.4228415E-5	-0.00346120214285714
1151.9328	-2.7659377E-5	-0.00395133957142857
1155.6754	-2.7750794E-5	-0.00396439914285714
1159.412	-2.4776764E-5	-0.00353953771428571
1163.1459	-2.9517684E-5	-0.004216812
1166.89	-2.502483E-5	-0.00357497571428571
1170.6095	-2.7752676E-5	-0.003964668
1174.3563	-2.8216352E-5	-0.00403090742857143
1178.0904	-3.1882986E-5	-0.00455471228571429
1181.8177	-3.0429897E-5	-0.00434712814285714
1185.5633	-3.2773727E-5	-0.004681961
1189.2917	-3.0369462E-5	-0.00433849457142857
1193.0359	-2.9721098E-5	-0.00424587114285714
1196.7673	-3.5860274E-5	-0.00512289628571429
1203.2723	-3.5422475E-5	-0.00506035357142857
1213.2455	-3.3453034E-5	-0.00477900485714286
1223.2333	-3.848667E-5	-0.00549809571428571
1233.2264	-3.9262931E-5	-0.00560899014285714
1243.2061	-3.5671822E-5	-0.00509597457142857
1253.1933	-3.7742336E-5	-0.00539176228571429
1263.1765	-3.692871E-5	-0.00527553
1273.1704	-3.7988566E-5	-0.005426938
1283.1437	-3.908743E-5	-0.00558391857142857
1293.1379	-3.8289459E-5	-0.00546992271428571
1303.1197	-4.3616874E-5	-0.006230982
1313.112	-4.1208448E-5	-0.00588692114285714
1323.0931	-4.2915843E-5	-0.00613083471428571
1333.0637	-4.7761623E-5	-0.006823089
1343.0594	-4.936215E-5	-0.00705173571428571
1353.0815	-4.9793558E-5	-0.00711336542857143
1363.1362	-5.0365176E-5	-0.00719502514285714
1373.1221	-5.1971524E-5	-0.00742450342857143
1383.1004	-4.7725549E-5	-0.00681793557142857
1393.0914	-4.9852985E-5	-0.007121855
1403.074	-5.3946391E-5	-0.00770662728571429
1413.0582	-5.1648295E-5	-0.00737832785714286
1423.0449	-5.8777064E-5	-0.00839672342857143
1433.0281	-5.3255127E-5	-0.00760787528571429
1443.0192	-5.4793196E-5	-0.00782759942857143
1452.9991	-6.1507248E-5	-0.00878674971428571
1462.9805	-5.5325899E-5	-0.00790369985714286
1472.9708	-5.8863486E-5	-0.00840906942857143
1482.951	-5.967252E-5	-0.00852464571428571
1492.9472	-6.1772641E-5	-0.008824663
1502.9243	-6.5783583E-5	-0.00939765471428571
1512.9143	-6.3010178E-5	-0.009001454
1522.8982	-6.411604E-5	-0.00915943428571428
1532.8856	-6.4807978E-5	-0.00925828257142857
1542.8697	-6.4521146E-5	-0.00921730657142857
1552.8459	-6.2944387E-5	-0.00899205528571428
1562.8538	-6.7569073E-5	-0.00965272471428571
1572.825	-7.2051646E-5	-0.0102930922857143
1582.8066	-6.6035803E-5	-0.00943368614285714
1592.7956	-6.8361382E-5	-0.00976591171428571
1602.7846	-7.3454835E-5	-0.0104935478571429
1612.763	-7.4719745E-5	-0.0106742492857143
1622.7472	-7.4551904E-5	-0.010650272
1632.7371	-7.4313917E-5	-0.0106162738571429
1642.7285	-7.9160198E-5	-0.0113085997142857
1652.7082	-8.1211158E-5	-0.011601594
1662.6934	-7.4146971E-5	-0.0105924244285714
1672.6698	-8.0310094E-5	-0.0114728705714286
1682.6487	-8.1462552E-5	-0.0116375074285714
1692.6467	-8.1627735E-5	-0.011661105
1702.6363	-8.1529379E-5	-0.0116470541428571
1712.6136	-8.5627993E-5	-0.0122325704285714
1722.6108	-8.6731533E-5	-0.012390219
1732.5879	-9.3115358E-5	-0.013302194
1742.5812	-9.0013125E-5	-0.0128590178571429
1752.5642	-9.1021356E-5	-0.0130030508571429
1762.5596	-9.0375922E-5	-0.012910846
1772.5342	-9.1655157E-5	-0.0130935938571429
1782.5187	-9.25744E-5	-0.0132249142857143
1792.5076	-9.5166662E-5	-0.0135952374285714
1802.484	-9.6212622E-5	-0.0137446602857143
1812.4678	-9.8317348E-5	-0.0140453354285714
1822.4538	-9.9282318E-5	-0.0141831882857143
1832.4529	-9.3799822E-5	-0.0133999745714286
1842.4432	-9.9897809E-5	-0.0142711155714286
1852.4091	-1.0030426E-4	-0.01432918
1862.4072	-1.0180092E-4	-0.0145429885714286
1872.3894	-9.4022414E-5	-0.0134317734285714
1882.3816	-9.9523624E-5	-0.0142176605714286
1892.3505	-1.0353909E-4	-0.0147912985714286
1902.3462	-9.8543644E-5	-0.0140776634285714
1912.3368	-9.8633957E-5	-0.0140905652857143
1922.3135	-1.050317E-4	-0.0150045285714286
1932.311	-1.0691296E-4	-0.01527328
1942.2859	-1.1180947E-4	-0.0159727814285714
1952.2757	-1.1043434E-4	-0.0157763342857143
1962.2508	-1.1080901E-4	-0.0158298585714286
1972.241	-1.1526688E-4	-0.0164666971428571
1982.2247	-1.1276958E-4	-0.01610994
1992.216	-1.1453496E-4	-0.0163621371428571
1992.8605	-1.1208354E-4	-0.0160119342857143
2132.1602	-1.00162E-4	-0.0143088571428571
2608.2866	-1.7083313E-4	-0.0244047328571429
3084.3809	-2.2069403E-4	-0.0315277185714286
3560.5126	-2.8250049E-4	-0.0403572128571429
4036.6526	-3.341591E-4	-0.0477370142857143
4512.7588	-3.9388936E-4	-0.0562699085714286
4988.8412	-4.4732687E-4	-0.0639038385714286
5464.9695	-5.1600568E-4	-0.0737150971428572
5941.1065	-5.1572196E-4	-0.0736745657142857
6417.241	-5.7524667E-4	-0.0821780957142857
6893.3409	-6.1642095E-4	-0.0880601357142857
7369.4024	-6.5674367E-4	-0.0938205242857143
7845.48	-6.9702688E-4	-0.0995752685714286
8325.6954	-7.4124061E-4	-0.105891515714286
8802.2708	-7.7507238E-4	-0.110724625714286
9278.2196	-8.4569818E-4	-0.120814025714286
9754.0972	-8.6691488E-4	-0.123844982857143
9763.1509	-8.5482447E-4	-0.122117781428571
9249.6187	-8.0997019E-4	-0.115710027142857
8736.3547	-7.5635738E-4	-0.108051054285714
8222.0003	-6.9042763E-4	-0.0986325185714286
7705.4187	-6.6750095E-4	-0.0953572785714286
7192.1876	-6.0757948E-4	-0.0867970685714286
6664.9235	-5.7322696E-4	-0.0818895657142857
6149.2368	-5.1819809E-4	-0.0740282985714286
5626.0082	-4.6657932E-4	-0.0666541885714286
5110.6255	-4.2217766E-4	-0.0603110942857143
4597.8338	-3.7033815E-4	-0.05290545
4085.0823	-3.18672E-4	-0.0455245714285714
3569.3998	-2.6269959E-4	-0.0375285128571429
3054.203	-2.0333639E-4	-0.0290480557142857
2541.337	-1.6706707E-4	-0.0238667242857143
2028.4936	-1.0454604E-4	-0.0149351485714286
1982.9018	-1.1182732E-4	-0.0159753314285714
1972.9435	-1.124768E-4	-0.0160681142857143
1962.973	-1.1109373E-4	-0.0158705328571429
1953.0065	-1.1414057E-4	-0.0163057957142857
1943.045	-1.1342136E-4	-0.0162030514285714
1933.0844	-1.1191575E-4	-0.0159879642857143
1923.1286	-1.0953475E-4	-0.0156478214285714
1913.1611	-1.0994867E-4	-0.0157069528571429
1903.2086	-1.0351954E-4	-0.0147885057142857
1893.2386	-1.0252566E-4	-0.0146465228571429
1883.2804	-1.0206678E-4	-0.0145809685714286
1873.3149	-1.0238304E-4	-0.0146261485714286
1863.3524	-1.0227891E-4	-0.0146112728571429
1853.3816	-9.8288641E-5	-0.0140412344285714
1843.4307	-1.0058698E-4	-0.0143695685714286
1833.4663	-9.8029105E-5	-0.0140041578571429
1823.5033	-9.7405363E-5	-0.0139150518571429
1813.5442	-9.5361131E-5	-0.0136230187142857
1803.5831	-9.3651862E-5	-0.0133788374285714
1793.6282	-9.32808E-5	-0.0133258285714286
1783.6578	-9.4647828E-5	-0.0135211182857143
1773.709	-9.4220539E-5	-0.013460077
1763.735	-9.0217531E-5	-0.0128882187142857
1753.7784	-9.1260828E-5	-0.0130372611428571
1743.8057	-8.8256253E-5	-0.0126080361428571
1733.8556	-8.7383739E-5	-0.0124833912857143
1723.8866	-8.6163725E-5	-0.0123091035714286
1713.9448	-9.1535422E-5	-0.0130764888571429
1703.9693	-8.3202821E-5	-0.0118861172857143
1694.0104	-8.5211449E-5	-0.0121730641428571
1684.0435	-8.2405714E-5	-0.0117722448571429
1674.0855	-8.3763024E-5	-0.0119661462857143
1664.1259	-7.7671675E-5	-0.0110959535714286
1654.1516	-8.1514801E-5	-0.0116449715714286
1644.1016	-7.8121173E-5	-0.0111601675714286
1634.1422	-7.9533032E-5	-0.0113618617142857
1624.1803	-7.2726682E-5	-0.010389526
1614.1516	-7.5635554E-5	-0.0108050791428571
1604.1591	-7.2737282E-5	-0.0103910402857143
1594.1949	-7.8179696E-5	-0.011168528
1584.2369	-7.1961228E-5	-0.0102801754285714
1574.1802	-7.3850595E-5	-0.010550085
1564.2128	-7.2100629E-5	-0.0103000898571429
1554.2444	-6.9276165E-5	-0.009896595
1544.2897	-6.8303023E-5	-0.00975757471428571
1534.3261	-6.7375548E-5	-0.00962507828571429
1524.3616	-6.7889262E-5	-0.009698466
1514.4087	-6.6488372E-5	-0.00949833885714286
1504.4428	-6.7533514E-5	-0.00964764485714286
1494.4838	-6.2829483E-5	-0.00897564042857143
1484.5206	-6.4444777E-5	-0.00920639671428571
1474.5599	-5.9827504E-5	-0.00854678628571429
1464.5111	-6.0969262E-5	-0.00870989457142857
1454.4963	-5.6238145E-5	-0.00803402071428572
1444.4855	-6.2838739E-5	-0.00897696271428571
1434.5204	-5.6538518E-5	-0.00807693114285714
1424.5596	-5.5653467E-5	-0.00795049528571429
1414.5948	-5.8788926E-5	-0.008398418
1404.6453	-5.3182465E-5	-0.007597495
1394.675	-5.5638493E-5	-0.00794835614285714
1384.7072	-5.2637366E-5	-0.00751962371428571
1374.7531	-5.008262E-5	-0.00715466
1364.7859	-4.877026E-5	-0.00696718
1354.8357	-5.0778278E-5	-0.00725403971428571
1344.866	-4.6900322E-5	-0.006700046
1334.9078	-4.6625404E-5	-0.006660772
1324.9451	-4.3661348E-5	-0.00623733542857143
1314.9867	-4.6564463E-5	-0.00665206614285714
1305.0242	-4.7421213E-5	-0.006774459
1295.0539	-4.1845189E-5	-0.00597788414285714
1285.1048	-4.4332783E-5	-0.00633325471428571
1275.1445	-3.7786866E-5	-0.00539812371428571
1265.1811	-3.9483273E-5	-0.00564046757142857
1255.2278	-3.9454416E-5	-0.00563634514285714
1245.2575	-3.5765932E-5	-0.00510941885714286
1235.3039	-3.928818E-5	-0.00561259714285714
1225.342	-3.616689E-5	-0.00516669857142857
1215.3685	-3.4025905E-5	-0.00486084357142857
1205.4186	-3.3671662E-5	-0.00481023742857143
1198.7082	-3.1163095E-5	-0.00445187071428571
1195.0088	-3.6287271E-5	-0.00518389585714286
1191.3017	-3.3362411E-5	-0.00476605871428571
1187.5841	-3.1728968E-5	-0.00453270971428571
1183.8786	-3.0275302E-5	-0.00432504314285714
1180.161	-2.8430254E-5	-0.00406146485714286
1176.4525	-3.1993264E-5	-0.00457046628571429
1172.7477	-2.9289355E-5	-0.00418419357142857
1169.0294	-3.2474433E-5	-0.00463920471428571
1165.3242	-3.2289857E-5	-0.00461283671428571
1161.6028	-2.7010542E-5	-0.00385864885714286
1157.902	-2.5752601E-5	-0.003678943
1154.1956	-2.7113066E-5	-0.00387329514285714
1150.4431	-2.9049551E-5	-0.00414993585714286
1146.731	-2.2823779E-5	-0.00326053985714286
1143.016	-3.0893561E-5	-0.00441336585714286
1139.3183	-2.6271592E-5	-0.00375308457142857
1135.5952	-2.2847057E-5	-0.00326386528571429
1131.8896	-2.3912254E-5	-0.00341603628571429
1128.166	-2.3846354E-5	-0.003406622
1124.4662	-2.5304832E-5	-0.003614976
1120.7519	-2.1841884E-5	-0.00312026914285714
1117.0412	-2.400153E-5	-0.00342879
1113.323	-2.5149845E-5	-0.003592835
1109.6213	-2.3992585E-5	-0.00342751214285714
1105.9022	-2.2504954E-5	-0.00321499342857143
1102.1973	-2.2079872E-5	-0.00315426742857143
1098.4481	-2.5376147E-5	-0.00362516385714286
1094.7412	-2.2623414E-5	-0.00323191628571429
1091.027	-1.8794146E-5	-0.002684878
1087.3079	-2.1911822E-5	-0.00313026028571429
1083.6034	-2.2998327E-5	-0.00328547528571429
1079.8942	-2.0270135E-5	-0.00289573357142857
1076.1963	-2.2302829E-5	-0.00318611842857143
1072.4743	-2.4036778E-5	-0.00343382542857143
1068.742	-1.8582301E-5	-0.00265461442857143
1065.0163	-2.0548845E-5	-0.00293554928571429
1061.2976	-2.0241192E-5	-0.00289159885714286
1057.589	-1.9501378E-5	-0.00278591114285714
1053.876	-1.7372729E-5	-0.00248181842857143
1050.1725	-1.892843E-5	-0.00270406142857143
1046.4586	-1.8340807E-5	-0.00262011528571429
1042.7497	-1.5598985E-5	-0.00222842642857143
1039.0363	-1.499092E-5	-0.00214156
1035.3345	-1.8177698E-5	-0.002596814
1031.6196	-1.9625273E-5	-0.00280361042857143
1027.9023	-1.6093356E-5	-0.00229905085714286
1024.1889	-1.8757204E-5	-0.00267960057142857
1020.4604	-1.3173122E-5	-0.00188187457142857
1016.7235	-1.5519216E-5	-0.00221703085714286
1012.9933	-1.2687747E-5	-0.00181253528571429
1009.2525	-1.212401E-5	-0.00173200142857143
1005.5156	-1.0189174E-5	-0.00145559628571429
1001.7827	-1.2134378E-5	-0.00173348257142857
998.04711	-1.722007E-5	-0.00246001
994.30252	-1.3954035E-5	-0.00199343357142857
990.57627	-1.353087E-5	-0.00193298142857143
986.85017	-9.4747413E-6	-0.00135353447142857
983.10849	-1.1813582E-5	-0.00168765457142857
979.3772	-6.3764888E-6	-9.10926971428571E-4
975.62357	-1.15303E-5	-0.00164718571428571
971.89264	-1.2502972E-5	-0.00178613885714286
968.14412	-1.4501721E-5	-0.00207167442857143
964.3946	-8.932815E-6	-0.00127611642857143
960.64777	-1.3132145E-5	-0.00187602071428571
956.91684	-7.7116966E-6	-0.00110167094285714
953.19162	-8.9517619E-6	-0.00127882312857143
949.447	-5.331674E-6	-7.61667714285714E-4
945.70835	-1.0726029E-5	-0.00153228985714286
941.94464	-7.7533354E-6	-0.00110761934285714
938.20899	-1.0085774E-5	-0.00144082485714286
934.46889	-8.7988613E-7	-1.25698018571429E-4
930.73271	-5.9063449E-6	-8.43763557142857E-4
927.00735	-3.8315714E-6	-5.47367342857143E-4
923.25978	-1.7239208E-6	-2.462744E-4
919.52814	-3.5325236E-6	-5.04646228571429E-4
915.79972	-3.463576E-6	-4.94796571428571E-4
912.05727	-5.0075849E-6	-7.15369271428571E-4
908.32365	-1.0846821E-5	-0.00154954585714286
904.57914	-3.7042713E-6	-5.29181614285714E-4
900.85247	1.0855802E-6	1.55082885714286E-4
897.11532	-1.7009215E-6	-2.42988785714286E-4
893.38324	-4.4774824E-6	-6.39640342857143E-4
889.64429	-2.6903883E-6	-3.84341185714286E-4
885.91033	3.9068908E-7	5.58127257142857E-5
882.17898	-2.1574363E-6	-3.08205185714286E-4
878.43586	-2.1631843E-6	-3.09026328571429E-4
874.70789	-4.7976308E-6	-6.85375828571429E-4
870.96127	2.4214855E-6	3.459265E-4
867.23233	-2.8637101E-6	-4.09101442857143E-4
863.49498	6.2385651E-7	8.91223585714286E-5
859.75603	2.8037445E-6	4.00534928571429E-4
856.02771	2.2881844E-6	3.26883485714286E-4
852.29786	2.4871738E-6	3.55310542857143E-4
848.56249	4.5338524E-6	6.476932E-4
844.82673	2.3903356E-6	3.41476514285714E-4
841.08047	2.7333845E-6	3.904835E-4
837.35623	-3.9393138E-7	-5.62759114285714E-5
833.61366	9.8513729E-6	0.00140733898571429
829.87824	-6.6370655E-7	-9.48152214285714E-5
826.13738	1.6315301E-6	2.33075728571429E-4
822.41325	8.691579E-6	0.00124165414285714
818.68119	5.1506569E-6	7.35808128571428E-4
814.93904	6.6900339E-6	9.55719128571429E-4
811.20285	4.8518306E-6	6.93118657142857E-4
807.47336	2.1971509E-7	3.138787E-5
803.73719	7.9462688E-6	0.00113518125714286
799.98731	5.8803483E-6	8.40049757142857E-4
796.26028	1.2257287E-6	1.751041E-4
792.52627	2.5841161E-6	3.69159442857143E-4
788.78854	5.7946034E-6	8.27800485714286E-4
785.05334	9.2157013E-6	0.00131652875714286
781.30997	7.8085066E-6	0.00111550094285714
777.58249	1.0827393E-5	0.00154677042857143
773.84707	6.6203908E-6	9.45770114285714E-4
770.11855	9.828417E-6	0.00140405957142857
766.37491	1.058794E-5	0.00151256285714286
762.64979	1.0214496E-5	0.00145921371428571
758.91567	1.0773129E-5	0.00153901842857143
755.14532	1.0913958E-5	0.00155913685714286
751.39008	1.0487796E-5	0.00149825657142857
747.66198	1.0343727E-5	0.00147767528571429
743.93065	1.2968326E-5	0.001852618
740.19429	1.365474E-5	0.00195067714285714
736.46049	1.2119676E-5	0.00173138228571429
732.72294	1.5605634E-5	0.00222937628571429
728.99028	9.4366397E-6	0.00134809138571429
725.25391	1.2853494E-5	0.00183621342857143
721.51513	1.1438447E-5	0.00163406385714286
717.78117	1.1982989E-5	0.00171185557142857
714.04666	1.7167002E-5	0.00245242885714286
710.28307	1.252746E-5	0.00178963714285714
706.53631	1.4652895E-5	0.00209327071428571
702.80183	1.8319724E-5	0.00261710342857143
699.07566	1.6580726E-5	0.00236867514285714
695.32889	1.4554095E-5	0.00207915642857143
691.60097	1.487968E-5	0.00212566857142857
687.86707	1.2188178E-5	0.00174116828571429
684.13431	1.4448219E-5	0.00206403128571429
680.38475	1.2232794E-5	0.001747542
676.65519	1.5760648E-5	0.00225152114285714
672.91959	2.1856665E-5	0.00312238071428571
669.18574	2.0529986E-5	0.00293285514285714
665.44937	1.6984174E-5	0.00242631057142857
661.72072	1.92763E-5	0.00275375714285714
657.97474	1.8438382E-5	0.00263405457142857
654.23578	2.1636779E-5	0.00309096842857143
650.50632	2.0619577E-5	0.00294565385714286
646.78014	2.4020752E-5	0.003431536
643.03775	1.6754279E-5	0.00239346842857143
639.29995	2.2882053E-5	0.00326886471428571
635.56064	2.1777499E-5	0.00311107128571429
631.83379	2.3715206E-5	0.00338788657142857
628.0966	2.2426476E-5	0.00320378228571429
624.32809	2.0434705E-5	0.00291924357142857
620.55084	2.0224045E-5	0.00288914928571429
616.80716	2.7485166E-5	0.00392645228571429
613.07296	2.3761574E-5	0.00339451057142857
609.35121	2.1829392E-5	0.00311848457142857
605.60362	1.8564731E-5	0.00265210442857143
601.37181	2.3895602E-5	0.00341365742857143
596.38861	2.6931208E-5	0.00384731542857143
591.40922	2.2451037E-5	0.003207291
586.43416	2.3174807E-5	0.00331068671428571
581.44468	2.3752114E-5	0.00339315914285714
576.46164	2.6449414E-5	0.00377848771428571
571.49141	2.9848664E-5	0.00426409485714286
566.49545	2.7708683E-5	0.00395838328571429
561.47418	2.5937563E-5	0.00370536614285714
556.49031	2.8064995E-5	0.004009285
551.51962	2.7755952E-5	0.003965136
546.53792	3.0136973E-5	0.00430528185714286
541.56238	2.5388376E-5	0.00362691085714286
536.57225	2.8407627E-5	0.00405823242857143
531.59599	3.0233981E-5	0.00431914014285714
526.61208	2.9689576E-5	0.004241368
521.62904	3.1453669E-5	0.00449338128571429
516.64626	3.2825156E-5	0.004689308
511.6717	3.313418E-5	0.00473345428571429
506.6685	3.2287534E-5	0.00461250485714286
501.69076	3.3493756E-5	0.00478482228571429
496.69278	3.3665307E-5	0.00480932957142857
491.70749	3.3717233E-5	0.00481674757142857
486.69848	3.4782815E-5	0.00496897357142857
481.71211	3.6511065E-5	0.00521586642857143
476.7247	3.1366691E-5	0.00448095585714286
471.73	3.2541068E-5	0.004648724
466.73539	3.705453E-5	0.00529350428571429
461.73996	3.443244E-5	0.00491892
456.75647	3.802399E-5	0.00543199857142857
451.76346	3.2573927E-5	0.00465341814285714
446.76437	3.9062569E-5	0.005580367
441.77373	3.1934273E-5	0.004562039
436.78426	3.5913783E-5	0.00513054042857143
431.79117	3.7413882E-5	0.00534484028571429
426.79343	4.0132578E-5	0.00573322542857143
421.76773	4.4481148E-5	0.00635444971428571
416.76953	4.0249699E-5	0.005749957
411.76293	4.2451923E-5	0.00606456042857143
406.75185	4.2994258E-5	0.00614203685714286
401.72704	4.5309018E-5	0.00647271685714286
396.74648	4.4465278E-5	0.00635218257142857
391.74487	4.5049096E-5	0.00643558514285714
386.75506	4.0010691E-5	0.005715813
381.71429	4.3183386E-5	0.00616905514285714
376.72112	4.2373612E-5	0.00605337314285714
371.7252	4.2780474E-5	0.00611149628571428
366.73093	4.3812706E-5	0.006258958
361.74383	4.2887932E-5	0.00612684742857143
356.74503	4.466917E-5	0.00638131
351.75011	4.1462858E-5	0.00592326542857143
346.75518	4.8345303E-5	0.00690647185714286
341.77466	4.3761696E-5	0.00625167085714286
336.7735	5.1760483E-5	0.00739435471428571
331.79226	4.4360097E-5	0.00633715671428571
326.79172	4.4997306E-5	0.00642818657142857
321.80351	4.3615E-5	0.00623071428571429
316.80719	4.3678528E-5	0.00623978971428571
311.79187	4.9793332E-5	0.00711333314285714
306.77675	5.2346453E-5	0.00747806471428571
301.77946	5.1965126E-5	0.00742358942857143
296.79441	4.5119813E-5	0.00644568757142857
291.78506	5.0834395E-5	0.00726205642857143
286.80604	5.2812965E-5	0.00754470928571429
281.80591	4.9305687E-5	0.00704366957142857
276.822	5.3682182E-5	0.00766888314285714
271.82682	5.2307516E-5	0.00747250228571429
266.82682	5.199426E-5	0.00742775142857143
261.8382	5.0263005E-5	0.00718042928571429
256.84056	4.9176773E-5	0.00702525328571429
251.84487	5.3827209E-5	0.00768960128571429
246.84933	5.2336964E-5	0.00747670914285714
241.84397	4.9227541E-5	0.00703250585714286
236.80443	5.1058444E-5	0.00729406342857143
231.8122	5.2670648E-5	0.00752437828571429
226.79889	5.0694148E-5	0.00724202114285714
221.79195	6.1078372E-5	0.00872548171428571
216.80934	5.5664914E-5	0.00795213057142857
211.79434	5.3260079E-5	0.00760858271428571
206.81137	5.222362E-5	0.00746051714285714
203.35717	5.57118E-5	0.00795882857142857
201.37449	5.6422593E-5	0.00806037042857143
199.37857	5.8885482E-5	0.00841221171428571
197.3941	5.7024471E-5	0.008146353
195.38418	5.9175949E-5	0.008453707
193.39528	5.7102296E-5	0.00815747085714286
191.39005	5.9193064E-5	0.008456152
189.40897	5.4911985E-5	0.00784456928571428
187.41111	5.613875E-5	0.00801982142857143
185.39806	5.6930116E-5	0.00813287371428571
183.41991	5.9933827E-5	0.00856197528571429
181.41567	5.7067993E-5	0.00815257042857143
179.42393	5.7601332E-5	0.00822876171428572
177.43106	5.884801E-5	0.00840685857142857
175.4266	6.2298353E-5	0.00889976471428571
173.43001	5.6031422E-5	0.00800448885714286
171.4299	5.4441649E-5	0.00777737842857143
169.41789	5.6962771E-5	0.00813753871428571
167.42689	6.0192976E-5	0.00859899657142857
165.41051	5.9041122E-5	0.008434446
163.4106	5.7036971E-5	0.00814813871428571
161.41615	5.9490377E-5	0.00849862528571428
159.42577	6.4499085E-5	0.009214155
157.42261	6.1774173E-5	0.00882488185714286
155.42868	5.7311778E-5	0.00818739685714286
153.42784	5.7636087E-5	0.00823372671428571
151.44734	5.8048278E-5	0.00829261114285714
149.44356	6.0072816E-5	0.00858183085714286
147.45308	6.1110486E-5	0.00873006942857143
145.45481	6.2724591E-5	0.00896065585714286
143.45805	5.9584123E-5	0.00851201757142857
141.4534	5.7736973E-5	0.008248139
139.45972	5.8856799E-5	0.00840811414285714
137.45719	6.0377184E-5	0.008625312
135.47288	5.8453851E-5	0.00835055014285714
133.46067	5.6043457E-5	0.00800620814285714
131.46925	5.965761E-5	0.00852251571428571
129.48258	5.8605079E-5	0.00837215414285714
127.48422	6.2596371E-5	0.00894233871428572
125.48336	6.083256E-5	0.00869036571428571
123.48541	5.8763528E-5	0.00839478971428571
121.47691	5.8288976E-5	0.00832699657142857
119.47675	6.4220264E-5	0.00917432342857143
117.46959	6.2162525E-5	0.00888036071428571
115.47828	5.8430948E-5	0.00834727828571429
113.47719	6.2074467E-5	0.008867781
111.48542	6.0608191E-5	0.008658313
109.47651	5.9778029E-5	0.00853971842857143
107.48165	6.1161867E-5	0.00873740957142857
105.48349	6.3273515E-5	0.00903907357142857
103.48106	5.7841273E-5	0.008263039
101.49001	5.9143522E-5	0.00844907457142857
99.484185	6.0688228E-5	0.00866974685714286
97.465283	6.2358129E-5	0.00890830414285714
95.458533	6.1674516E-5	0.00881064514285714
93.481744	6.630511E-5	0.00947215857142857
91.469844	6.3294027E-5	0.00904200385714286
89.480031	6.0533385E-5	0.00864762642857143
87.477551	6.0796459E-5	0.00868520842857143
85.484442	6.5411762E-5	0.00934453742857143
83.489379	6.3750678E-5	0.00910723971428572
81.486336	5.7857852E-5	0.00826540742857143
79.509128	6.0283991E-5	0.00861199871428571
77.484982	6.2080276E-5	0.00886861085714286
75.498207	6.3446553E-5	0.00906379328571429
73.499024	6.7035574E-5	0.00957651057142857
71.487847	5.9957692E-5	0.00856538457142857
69.492115	6.2813676E-5	0.00897338228571429
67.504053	6.1740428E-5	0.00882006114285714
65.500599	6.0971882E-5	0.00871026885714286
63.501521	6.3554225E-5	0.009079175
61.496624	6.2683854E-5	0.00895483628571428
59.449821	6.611524E-5	0.00944503428571429
57.516279	6.371604E-5	0.00910229142857143
55.492283	6.4526781E-5	0.00921811157142857
53.509112	6.8834539E-5	0.00983350557142857
51.500242	6.2014446E-5	0.00885920657142857
49.496581	6.3953284E-5	0.00913618342857143
47.503576	6.6064557E-5	0.00943779385714286
45.507226	6.2515673E-5	0.00893081042857143
43.514685	6.3863121E-5	0.009123303
41.523792	6.085159E-5	0.00869308428571429
39.505562	6.704813E-5	0.00957830428571428
37.507565	6.9278732E-5	0.00989696171428571
35.50689	6.5279003E-5	0.00932557185714286
33.515327	6.9090981E-5	0.00987014014285714
31.512748	6.5299431E-5	0.00932849014285714
29.508367	6.2155176E-5	0.00887931085714286
27.526071	6.6327452E-5	0.00947535028571429
25.511574	6.2122453E-5	0.00887463614285714
23.497346	6.7951704E-5	0.00970738628571429
21.515832	6.3492385E-5	0.00907034071428571
19.489428	6.1853112E-5	0.00883615885714286
17.49874	6.4610521E-5	0.00923007442857143
15.491251	6.6280176E-5	0.00946859657142857
13.500151	7.1153698E-5	0.010164814
11.494308	6.415389E-5	0.00916484142857143
9.499497	6.5900428E-5	0.00941434685714286
7.4997386	6.3000367E-5	0.00900005242857143
5.4969908	6.0954477E-5	0.00870778242857143
3.5793832	6.7160467E-5	0.00959435242857143
1.5725125	6.435351E-5	0.00919335857142857
-0.42205966	6.9492186E-5	0.00992745514285714
-2.4132313	6.8231201E-5	0.00974731442857143
-4.4228009	6.2249786E-5	0.00889282657142857
-6.4175648	6.3035757E-5	0.00900510814285714
-8.4259005	6.4259542E-5	0.00917993457142857
-10.418094	6.514025E-5	0.00930575
-12.416047	6.5050181E-5	0.009292883
-14.416056	6.6588586E-5	0.00951265514285714
-16.432411	6.2249389E-5	0.00889276985714286
-18.427381	6.8488246E-5	0.00978403514285714
-20.421734	6.6106147E-5	0.00944373528571429
-22.425751	6.6991517E-5	0.00957021671428572
-24.419183	6.4605571E-5	0.00922936728571429
-26.421159	5.9975537E-5	0.00856793385714286
-28.420902	6.7185347E-5	0.00959790671428571
-30.417968	6.8611638E-5	0.00980166257142857
-32.423271	6.4951279E-5	0.00927875414285714
-34.419822	6.5859456E-5	0.00940849371428571
-36.425022	6.5419256E-5	0.009345608
-38.419101	6.3720735E-5	0.00910296214285714
-40.421316	6.342583E-5	0.00906083285714286
-42.421572	6.9216769E-5	0.00988810985714286
-44.419771	6.4598072E-5	0.009228296
-46.423015	7.2204032E-5	0.0103148617142857
-48.419051	6.802276E-5	0.00971753714285714
-50.415707	6.3345278E-5	0.00904932542857143
-52.4135	6.2814791E-5	0.00897354157142857
-54.420761	6.5356473E-5	0.009336639
-56.414943	6.9384325E-5	0.00991204642857143
-58.419525	6.8897848E-5	0.00984254971428571
-60.411031	7.0341957E-5	0.010048851
-62.41654	6.579449E-5	0.00939921285714286
-64.419167	6.489255E-5	0.00927036428571429
-66.413451	6.6942505E-5	0.009563215
-68.417106	6.9018616E-5	0.00985980228571429
-70.41685	6.5914091E-5	0.00941629871428571
-72.411341	6.9561652E-5	0.00993737885714286
-74.413864	6.8193644E-5	0.00974194914285714
-76.413812	6.6651252E-5	0.00952160742857143
-78.406156	6.6875938E-5	0.00955370542857143
-80.41278	6.5580887E-5	0.00936869814285714
-82.400569	6.6145343E-5	0.00944933471428571
-84.402158	6.9091951E-5	0.00987027871428571
-86.406425	6.7437198E-5	0.00963388542857143
-88.402453	6.9088424E-5	0.00986977485714286
-90.410221	6.9193081E-5	0.00988472585714286
-92.405632	7.0967048E-5	0.0101381497142857
-94.395583	6.6172783E-5	0.00945325471428572
-96.310878	7.2077445E-5	0.0102967778571429
-98.307627	7.0096884E-5	0.0100138405714286
-100.29902	6.9662916E-5	0.00995184514285714
-102.30525	7.0248061E-5	0.0100354372857143
-104.302	7.3410488E-5	0.0104872125714286
-106.30019	6.9786211E-5	0.00996945871428571
-108.31146	6.7348079E-5	0.00962115414285714
-110.31964	6.8584992E-5	0.009797856
-112.31804	7.3117061E-5	0.0104452944285714
-114.32272	7.4426895E-5	0.0106324135714286
-116.31463	6.9149885E-5	0.009878555
-118.32157	7.3212421E-5	0.0104589172857143
-120.31132	7.0442466E-5	0.0100632094285714
-122.30879	7.0463013E-5	0.0100661447142857
-124.31386	7.1154909E-5	0.010164987
-126.31613	6.7594375E-5	0.00965633928571429
-128.30362	7.1630045E-5	0.0102328635714286
-130.30409	6.9374631E-5	0.00991066157142857
-132.30745	6.9822372E-5	0.00997462457142857
-134.30647	6.7344816E-5	0.009620688
-136.30612	6.9720556E-5	0.00996007942857143
-138.30783	7.0502301E-5	0.0100717572857143
-140.30635	7.1491745E-5	0.0102131064285714
-142.30455	7.2462842E-5	0.0103518345714286
-144.29894	6.9350098E-5	0.00990715685714286
-146.29921	7.0627257E-5	0.0100896081428571
-148.29638	7.015775E-5	0.0100225357142857
-150.30242	7.2722518E-5	0.0103889311428571
-152.29332	7.3768135E-5	0.010538305
-154.294	7.2837202E-5	0.0104053145714286
-156.29963	7.1244294E-5	0.0101777562857143
-158.2868	7.4144186E-5	0.0105920265714286
-160.29191	6.9601826E-5	0.009943118
-162.28404	7.0519355E-5	0.0100741935714286
-164.29729	6.9270954E-5	0.00989585057142857
-166.29168	6.8514457E-5	0.00978777957142857
-168.27979	6.9154853E-5	0.00987926471428571
-170.28139	7.0932189E-5	0.0101331698571429
-172.27682	6.9210023E-5	0.00988714614285714
-174.28368	6.7823367E-5	0.00968905242857143
-176.28147	7.0478825E-5	0.0100684035714286
-178.278	7.1694866E-5	0.0102421237142857
-180.30416	7.0520369E-5	0.0100743384285714
-182.29748	7.3893972E-5	0.0105562817142857
-184.29842	7.2772122E-5	0.0103960174285714
-186.29257	6.8559758E-5	0.00979425114285714
-188.30176	7.0595416E-5	0.0100850594285714
-190.29014	7.1818144E-5	0.0102597348571429
-192.30107	7.2006873E-5	0.0102866961428571
-194.32004	7.1090046E-5	0.0101557208571429
-197.599	6.917644E-5	0.00988234857142857
-202.58088	7.3213669E-5	0.0104590955714286
-207.5919	7.1374496E-5	0.0101963565714286
-212.57871	7.4801298E-5	0.0106858997142857
-217.59446	7.3795958E-5	0.0105422797142857
-222.57552	7.2612746E-5	0.0103732494285714
-227.57816	7.3857568E-5	0.0105510811428571
-232.57396	7.9699616E-5	0.0113856594285714
-237.57697	7.0107397E-5	0.0100153424285714
-242.5772	7.3320324E-5	0.010474332
-247.57517	7.3822778E-5	0.0105461111428571
-252.58253	7.1751119E-5	0.0102501598571429
-257.57008	7.8421287E-5	0.011203041
-262.58175	7.7128987E-5	0.0110184267142857
-267.56971	7.6306666E-5	0.0109009522857143
-272.58107	7.8926646E-5	0.0112752351428571
-277.57317	7.6429032E-5	0.0109184331428571
-282.56994	7.5436386E-5	0.0107766265714286
-287.56434	7.8657128E-5	0.0112367325714286
-292.5644	7.3080028E-5	0.010440004
-297.55685	7.6110358E-5	0.0108729082857143
-302.55517	7.5815917E-5	0.0108308452857143
-307.55935	8.091907E-5	0.0115598671428571
-312.56199	7.9242436E-5	0.011320348
-317.56041	7.8918559E-5	0.0112740798571429
-322.55574	7.6549667E-5	0.0109356667142857
-327.55315	8.1304397E-5	0.0116149138571429
-332.55569	7.4942267E-5	0.0107060381428571
-337.55245	8.3953342E-5	0.0119933345714286
-342.5482	8.0703277E-5	0.0115290395714286
-347.5602	8.0292571E-5	0.0114703672857143
-352.59961	8.2195081E-5	0.0117421544285714
-357.59803	7.6353375E-5	0.010907625
-362.60139	8.1244187E-5	0.0116063124285714
-367.59662	8.3520999E-5	0.0119315712857143
-372.59898	7.6976546E-5	0.0109966494285714
-377.59299	8.3284818E-5	0.0118978311428571
-382.59384	7.867003E-5	0.0112385757142857
-387.59221	8.0635167E-5	0.0115193095714286
-392.59347	7.9298291E-5	0.0113283272857143
-397.58772	8.1506274E-5	0.0116437534285714
-402.59063	8.1556866E-5	0.0116509808571429
-407.58272	8.1057779E-5	0.0115796827142857
-412.58593	8.474433E-5	0.0121063328571429
-417.57875	8.1375985E-5	0.0116251407142857
-422.60019	8.2553252E-5	0.0117933217142857
-427.63655	8.6299281E-5	0.0123284687142857
-432.62298	8.4607918E-5	0.0120868454285714
-437.63116	8.1472503E-5	0.011638929
-442.61657	8.3873975E-5	0.0119819964285714
-447.62854	8.0096091E-5	0.0114422987142857
-452.63268	8.2476076E-5	0.0117822965714286
-457.62766	8.5538049E-5	0.0122197212857143
-462.62006	7.9972733E-5	0.0114246761428571
-467.62873	8.3957854E-5	0.0119939791428571
-472.67292	7.8738921E-5	0.0112484172857143
-477.67541	8.181059E-5	0.0116872271428571
-482.6707	8.7108291E-5	0.0124440415714286
-487.65806	8.8111455E-5	0.0125873507142857
-492.6694	8.5558774E-5	0.012222682
-497.66017	8.6629965E-5	0.0123757092857143
-502.67808	8.3849584E-5	0.011978512
-507.66145	8.7330355E-5	0.012475765
-512.66036	7.7652625E-5	0.0110932321428571
-517.6601	8.7042786E-5	0.0124346837142857
-522.64986	8.6961577E-5	0.0124230824285714
-527.63652	8.2317185E-5	0.0117595978571429
-532.63225	8.5786408E-5	0.0122552011428571
-537.62499	8.7456782E-5	0.012493826
-542.61908	8.7317492E-5	0.0124739274285714
-547.60152	8.6376152E-5	0.0123394502857143
-552.60425	8.4346098E-5	0.0120494425714286
-557.60276	8.6018675E-5	0.0122883821428571
-562.58757	8.6588484E-5	0.0123697834285714
-567.58413	8.0053957E-5	0.0114362795714286
-572.56594	8.486005E-5	0.0121228642857143
-577.56694	8.644924E-5	0.0123498914285714
-582.55123	8.8798245E-5	0.0126854635714286
-587.55314	8.880556E-5	0.0126865085714286
-592.54475	8.5418152E-5	0.0122025931428571
-596.85246	8.9636045E-5	0.0128051492857143
-600.59565	8.6510057E-5	0.0123585795714286
-604.33029	8.3589124E-5	0.0119413034285714
-608.09419	8.1422512E-5	0.0116317874285714
-611.8346	8.3562955E-5	0.011937565
-615.59242	7.9932026E-5	0.0114188608571429
-619.33654	8.6823038E-5	0.0124032911428571
-623.08212	8.5095039E-5	0.0121564341428571
-626.82359	8.7548144E-5	0.0125068777142857
-630.57677	8.4141875E-5	0.0120202678571429
-634.33409	8.5441864E-5	0.0122059805714286
-638.07861	8.287935E-5	0.0118399071428571
-641.82334	8.0394825E-5	0.011484975
-645.56334	8.4460828E-5	0.0120658325714286
-649.31725	8.5437305E-5	0.0122053292857143
-653.06292	8.6043428E-5	0.0122919182857143
-656.81021	8.4802461E-5	0.0121146372857143
-660.55466	8.449425E-5	0.0120706071428571
-664.31967	8.5438782E-5	0.0122055402857143
-668.05525	8.7414426E-5	0.0124877751428571
-671.797	8.4871232E-5	0.0121244617142857
-675.54742	8.9841423E-5	0.012834489
-679.29843	8.0672444E-5	0.0115246348571429
-683.0509	8.4334707E-5	0.0120478152857143
-686.80149	8.3265118E-5	0.0118950168571429
-690.53461	8.1727256E-5	0.0116753222857143
-694.28159	8.0320357E-5	0.0114743367142857
-698.03108	7.4135838E-5	0.010590834
-701.77479	8.2397555E-5	0.0117710792857143
-705.52755	8.1396204E-5	0.0116280291428571
-709.27868	8.3199654E-5	0.0118856648571429
-713.01477	7.6996063E-5	0.0109994375714286
-716.7768	7.85717E-5	0.0112245285714286
-720.52227	7.5872687E-5	0.0108389552857143
-724.28121	7.7486481E-5	0.0110694972857143
-728.04943	7.6106666E-5	0.0108723808571429
-731.80942	7.4309421E-5	0.0106156315714286
-735.54891	8.0007851E-5	0.011429693
-739.2956	7.9165007E-5	0.0113092867142857
-743.04343	7.8350947E-5	0.0111929924285714
-746.78131	7.6851432E-5	0.010978776
-750.53787	8.2523579E-5	0.0117890827142857
-754.28059	7.8966284E-5	0.0112808977142857
-758.03218	8.1299459E-5	0.0116142084285714
-761.788	8.2669115E-5	0.0118098735714286
-765.53454	7.8195339E-5	0.0111707627142857
-769.27592	7.2065977E-5	0.0102951395714286
-773.02792	7.8323387E-5	0.0111890552857143
-776.77312	7.6717505E-5	0.0109596435714286
-780.51389	7.6370348E-5	0.0109100497142857
-784.26414	7.2896813E-5	0.0104138304285714
-788.00975	7.0391589E-5	0.0100559412857143
-791.76463	7.6245115E-5	0.0108921592857143
-795.50427	6.8631577E-5	0.009804511
-799.25946	7.4141623E-5	0.0105916604285714
-803.02206	7.2577919E-5	0.0103682741428571
-806.79015	7.2309817E-5	0.0103299738571429
-810.53008	7.1492586E-5	0.0102132265714286
-814.28485	7.3137511E-5	0.0104482158571429
-818.02583	7.172977E-5	0.01024711
-821.77412	7.290594E-5	0.0104151342857143
-825.52345	7.1718412E-5	0.0102454874285714
-829.2707	6.5665246E-5	0.00938074942857143
-833.01836	6.3984544E-5	0.00914064914285714
-836.76883	7.3460841E-5	0.0104944058571429
-840.51527	6.9766183E-5	0.00996659757142857
-844.26984	7.0489422E-5	0.0100699174285714
-848.0101	6.8513282E-5	0.00978761171428571
-851.75993	6.6397956E-5	0.00948542228571429
-855.50945	7.1618552E-5	0.0102312217142857
-859.25198	6.5595881E-5	0.00937084014285714
-863.01449	6.8565858E-5	0.00979512257142857
-866.75638	6.7002289E-5	0.00957175557142857
-870.49273	6.871581E-5	0.00981654428571429
-874.23838	6.2320876E-5	0.00890298228571428
-877.99111	6.1622445E-5	0.00880320642857143
-881.73683	6.9162271E-5	0.00988032442857143
-885.49089	6.4513233E-5	0.00921617614285714
-889.24176	6.5839315E-5	0.00940561642857143
-892.99047	6.2427891E-5	0.00891827014285714
-896.73257	6.1696006E-5	0.00881371514285714
-900.47272	6.3393275E-5	0.00905618214285714
-904.22163	6.3645527E-5	0.00909221814285714
-907.97827	6.3219463E-5	0.00903135185714286
-911.71213	6.3499763E-5	0.00907139471428571
-915.45733	5.6602234E-5	0.00808603342857143
-919.2152	5.9860205E-5	0.00855145785714286
-922.96226	6.7063214E-5	0.00958045914285714
-926.71332	6.2385691E-5	0.00891224157142857
-930.46336	5.963443E-5	0.00851920428571429
-934.24771	5.7495986E-5	0.00821371228571429
-937.99033	6.1878271E-5	0.008839753
-941.73214	6.3318041E-5	0.00904543442857143
-945.48331	5.813259E-5	0.00830465571428571
-949.23458	6.5840923E-5	0.00940584614285714
-952.98143	5.9947929E-5	0.00856398985714286
-956.72828	6.2517131E-5	0.00893101871428571
-960.47337	6.2661152E-5	0.00895159314285714
-964.2127	6.0041218E-5	0.00857731685714286
-967.97068	6.0725916E-5	0.00867513085714286
-971.72329	5.7239262E-5	0.00817703742857143
-975.46777	6.3423849E-5	0.00906054985714286
-979.21236	5.8529172E-5	0.00836131028571429
-982.95931	6.0897202E-5	0.00869960028571429
-986.70975	6.0694925E-5	0.00867070357142857
-990.4699	5.8024882E-5	0.00828926885714286
-994.23581	5.5339652E-5	0.00790566457142857
-997.97873	5.7133972E-5	0.008161996
-1001.7352	5.7875629E-5	0.008267947
-1005.4794	5.8990335E-5	0.00842719071428571
-1009.2334	5.3701755E-5	0.00767167928571429
-1012.9813	5.8127325E-5	0.00830390357142857
-1016.7277	5.6818198E-5	0.00811688542857143
-1020.4777	6.4691645E-5	0.00924166357142857
-1024.2089	5.7638507E-5	0.00823407242857143
-1027.9596	5.8864799E-5	0.008409257
-1031.685	6.3019593E-5	0.009002799
-1035.431	5.8114855E-5	0.00830212214285714
-1039.1656	5.5987768E-5	0.00799825257142857
-1042.8996	6.190501E-5	0.00884357285714286
-1046.6303	5.6377104E-5	0.008053872
-1050.373	5.9198917E-5	0.00845698814285714
-1054.1264	5.6509365E-5	0.00807276642857143
-1057.8809	5.8703906E-5	0.00838627228571429
-1061.6077	6.3117826E-5	0.00901683228571429
-1065.3422	5.8954769E-5	0.00842210985714286
-1069.0787	5.6548206E-5	0.00807831514285714
-1072.8161	6.0270975E-5	0.00861013928571428
-1076.556	5.8002899E-5	0.00828612842857143
-1080.2926	5.7277859E-5	0.00818255128571429
-1084.0114	5.7539958E-5	0.008219994
-1087.7594	6.0138465E-5	0.00859120928571428
-1091.4992	5.5982485E-5	0.00799749785714286
-1095.2324	5.9027878E-5	0.008432554
-1098.9565	5.8287788E-5	0.00832682685714286
-1102.7118	5.5810662E-5	0.00797295171428571
-1106.4345	5.9611614E-5	0.00851594485714286
-1110.1721	6.0744855E-5	0.00867783642857143
-1113.9132	5.1970358E-5	0.00742433685714286
-1117.6413	5.8918261E-5	0.00841689442857143
-1121.3782	5.6076088E-5	0.00801086971428571
-1125.1149	5.7931089E-5	0.00827586985714286
-1128.8489	5.8888678E-5	0.00841266828571429
-1132.589	5.9740082E-5	0.00853429742857143
-1136.3194	5.4688627E-5	0.007812661
-1140.0519	5.7151106E-5	0.00816444371428571
-1143.7896	6.1125488E-5	0.00873221257142857
-1147.5167	5.579556E-5	0.00797079428571429
-1151.2532	5.0406869E-5	0.00720098128571429
-1154.9971	5.882827E-5	0.00840403857142857
-1158.7288	5.3827763E-5	0.00768968042857143
-1162.4698	5.9573714E-5	0.00851053057142857
-1166.2106	5.5930485E-5	0.00799006928571429
-1169.9387	6.0510753E-5	0.00864439328571429
-1173.6731	5.7695392E-5	0.00824219885714286
-1177.4196	5.9274762E-5	0.00846782314285714
-1181.143	6.3825029E-5	0.00911786128571429
-1184.8785	6.0492685E-5	0.00864181214285714
-1188.6128	6.1226191E-5	0.00874659871428571
-1192.3533	6.1408386E-5	0.00877262657142857
-1198.9801	5.6008213E-5	0.00800117328571429
-1208.982	6.5290328E-5	0.00932718971428571
-1218.9731	6.7263694E-5	0.00960909914285714
-1228.9594	6.0972093E-5	0.008710299
-1238.9509	6.4424567E-5	0.00920350957142857
-1248.9315	5.9601037E-5	0.00851443385714286
-1258.9121	6.5321451E-5	0.00933163585714286
-1268.895	6.4515431E-5	0.00921649014285714
-1278.8891	6.2207705E-5	0.008886815
-1288.8587	6.6749182E-5	0.00953559742857143
-1298.8556	6.3473702E-5	0.00906767171428571
-1308.8423	6.9674364E-5	0.00995348057142857
-1318.9318	6.8638235E-5	0.00980546214285714
-1328.9207	6.9467099E-5	0.00992387128571429
-1338.9015	7.1051189E-5	0.0101501698571429
-1348.8833	6.3356296E-5	0.00905089942857143
-1358.8649	7.3490964E-5	0.0104987091428571
-1368.8516	6.7183094E-5	0.00959758485714286
-1378.843	7.7467025E-5	0.0110667178571429
-1388.8329	7.2148306E-5	0.0103069008571429
-1398.8176	7.1469111E-5	0.010209873
-1408.8007	7.1242027E-5	0.0101774324285714
-1418.7776	7.4861558E-5	0.0106945082857143
-1428.7675	7.2937643E-5	0.0104196632857143
-1438.761	7.3864516E-5	0.0105520737142857
-1448.7411	7.5882307E-5	0.0108403295714286
-1458.7175	7.8972803E-5	0.011281829
-1468.7051	8.1961499E-5	0.0117087855714286
-1478.6933	8.1753614E-5	0.0116790877142857
-1488.6825	7.7135913E-5	0.0110194161428571
-1498.6669	7.7588323E-5	0.0110840461428571
-1508.6535	8.0325009E-5	0.0114750012857143
-1518.6351	8.7615193E-5	0.0125164561428571
-1528.6189	8.5270172E-5	0.0121814531428571
-1538.6078	8.368747E-5	0.0119553528571429
-1548.5911	8.6143634E-5	0.0123062334285714
-1558.5803	8.6740793E-5	0.0123915418571429
-1568.5562	9.1479556E-5	0.013068508
-1578.552	9.0481084E-5	0.0129258691428571
-1588.5404	9.5454838E-5	0.0136364054285714
-1598.5118	9.2856858E-5	0.0132652654285714
-1608.5051	9.339277E-5	0.0133418242857143
-1618.4969	9.6488712E-5	0.0137841017142857
-1628.4776	9.3188376E-5	0.0133126251428571
-1638.4626	9.6580013E-5	0.0137971447142857
-1648.4596	9.8880621E-5	0.014125803
-1658.5172	9.7716908E-5	0.0139595582857143
-1668.5001	1.0041903E-4	0.0143455757142857
-1678.5033	1.0062475E-4	0.0143749642857143
-1688.4837	1.0014785E-4	0.0143068357142857
-1698.4651	9.9085094E-5	0.0141550134285714
-1708.4521	1.0194864E-4	0.0145640914285714
-1718.4341	1.0232679E-4	0.0146181128571429
-1728.4248	1.0176654E-4	0.0145380771428571
-1738.4108	1.0191419E-4	0.01455917
-1748.4754	1.0292072E-4	0.01470296
-1758.4781	9.9500588E-5	0.0142143697142857
-1768.508	1.0258607E-4	0.0146551528571429
-1778.5388	1.0579047E-4	0.0151129242857143
-1788.5339	1.1148283E-4	0.0159261185714286
-1798.5805	1.0625412E-4	0.01517916
-1808.6106	1.110075E-4	0.0158582142857143
-1818.5892	1.0706708E-4	0.0152952971428571
-1828.5793	1.0908666E-4	0.0155838085714286
-1838.5655	1.1814135E-4	0.0168773357142857
-1848.5483	1.1535574E-4	0.0164793914285714
-1858.5249	1.1609009E-4	0.0165842985714286
-1868.5149	1.1509766E-4	0.0164425228571429
-1878.5045	1.1678535E-4	0.0166836214285714
-1888.4961	1.2505431E-4	0.0178649014285714
-1898.467	1.2630549E-4	0.0180436414285714
-1908.4669	1.2333086E-4	0.0176186942857143
-1918.4485	1.2156479E-4	0.0173663985714286
-1928.4325	1.3001956E-4	0.0185742228571429
-1938.4228	1.2730988E-4	0.0181871257142857
-1948.4568	1.2627832E-4	0.01803976
-1958.4954	1.2845708E-4	0.0183510114285714
-1968.4698	1.2835933E-4	0.0183370471428571
-1978.462	1.2555427E-4	0.0179363242857143
-1988.4386	1.3199335E-4	0.0188561928571429
-1988.7048	1.2889294E-4	0.0184132771428571
-2073.9395	1.1384496E-4	0.0162635657142857
-2586.687	1.7137447E-4	0.0244820671428571
-3099.4452	2.6293045E-4	0.0375614928571429
-3612.1765	3.0658955E-4	0.0437985071428571
-4127.4042	3.3336994E-4	0.0476242771428571
-4642.8027	3.8975122E-4	0.0556787457142857
-5155.489	4.4795925E-4	0.0639941785714286
-5668.215	4.9978807E-4	0.0713982957142857
-6180.9048	5.4353478E-4	0.0776478257142857
-6693.6235	5.7409522E-4	0.0820136028571429
-7206.3427	6.1504254E-4	0.08786322
-7719.0608	6.7201809E-4	0.0960025842857143
-8231.6873	7.2518136E-4	0.103597337142857
-8744.1916	7.6081124E-4	0.10868732
-9256.623	8.1286579E-4	0.116123684285714
-9768.3297	8.8770747E-4	0.126815352857143
-9765.3013	8.7108348E-4	0.124440497142857
-9264.0889	8.1253447E-4	0.116076352857143
-8763.3426	7.619658E-4	0.108852257142857
-8262.9396	7.0800786E-4	0.10114398
-7762.6603	6.7164255E-4	0.0959489357142857
-7262.5125	6.1001629E-4	0.0871451842857143
-6762.4374	5.7019016E-4	0.0814557371428571
-6262.3209	5.3840614E-4	0.0769151628571429
-5762.2217	4.8373038E-4	0.06910434
-5262.1696	4.2750714E-4	0.0610724485714286
-4762.065	3.9011383E-4	0.0557305471428571
-4257.2025	3.3561906E-4	0.04794558
-3756.9038	2.9195023E-4	0.0417071757142857
-3256.8307	2.3254818E-4	0.0332211685714286
-2756.7531	1.8070142E-4	0.0258144885714286
-2253.6617	1.5766762E-4	0.0225239457142857
-1978.7237	1.2907245E-4	0.0184389214285714
-1968.7644	1.2524066E-4	0.0178915228571429
-1958.7952	1.2984705E-4	0.0185495785714286
-1948.8358	1.2083019E-4	0.0172614557142857
-1938.8623	1.2182627E-4	0.0174037528571429
-1928.8194	1.2698266E-4	0.01814038
-1918.8354	1.2280281E-4	0.0175432585714286
-1908.8931	1.1716245E-4	0.0167374928571429
-1898.9222	1.2253267E-4	0.0175046671428571
-1888.9525	1.1478547E-4	0.0163979242857143
-1878.9933	1.2036637E-4	0.0171951957142857
-1869.0356	1.1679668E-4	0.01668524
-1859.0721	1.2189925E-4	0.0174141785714286
-1849.1081	1.1461387E-4	0.01637341
-1839.1485	1.1443835E-4	0.0163483357142857
-1829.1905	1.1160233E-4	0.01594319
-1819.1986	1.1426349E-4	0.0163233557142857
-1809.1698	1.0976323E-4	0.0156804614285714
-1799.1989	1.0545565E-4	0.0150650928571429
-1789.2491	1.0854332E-4	0.0155061885714286
-1779.2821	1.0796751E-4	0.01542393
-1769.2894	1.0340745E-4	0.0147724928571429
-1759.2567	1.066594E-4	0.0152370571428571
-1749.2996	1.0636102E-4	0.0151944314285714
-1739.3371	1.0368215E-4	0.0148117357142857
-1729.3687	9.989208E-5	0.0142702971428571
-1719.4194	9.88863E-5	0.0141266142857143
-1709.4602	9.7411477E-5	0.0139159252857143
-1699.4846	1.0184448E-4	0.0145492114285714
-1689.5351	9.2353364E-5	0.0131933377142857
-1679.5797	9.5366799E-5	0.0136238284285714
-1669.5979	9.4874208E-5	0.0135534582857143
-1659.6435	9.3321972E-5	0.0133317102857143
-1649.7009	9.3535956E-5	0.0133622794285714
-1639.7314	9.2355739E-5	0.013193677
-1629.7665	9.1524044E-5	0.0130748634285714
-1619.7964	8.8993522E-5	0.0127133602857143
-1609.8454	8.8999901E-5	0.0127142715714286
-1599.8847	9.1531204E-5	0.0130758862857143
-1589.9107	8.7574834E-5	0.0125106905714286
-1579.9593	8.4181628E-5	0.0120259468571429
-1569.9954	8.570146E-5	0.0122430657142857
-1560.0317	8.1921352E-5	0.0117030502857143
-1550.0778	8.1006117E-5	0.0115723024285714
-1540.1175	8.2903288E-5	0.0118433268571429
-1530.1526	8.1430844E-5	0.0116329777142857
-1520.1967	8.092688E-5	0.0115609828571429
-1510.2366	8.0451696E-5	0.0114930994285714
-1500.2698	7.8506514E-5	0.0112152162857143
-1490.3121	7.9701753E-5	0.0113859647142857
-1480.3471	7.4692388E-5	0.0106703411428571
-1470.3797	7.574696E-5	0.0108209942857143
-1460.4291	7.53021E-5	0.0107574428571429
-1450.4664	7.016729E-5	0.0100238985714286
-1440.5003	7.091609E-5	0.01013087
-1430.5396	7.1190242E-5	0.0101700345714286
-1420.5802	7.1665042E-5	0.0102378631428571
-1410.6211	6.7150088E-5	0.00959286971428571
-1400.6615	7.3047074E-5	0.0104352962857143
-1390.6958	6.8762688E-5	0.00982324114285714
-1380.737	6.4353178E-5	0.00919331114285714
-1370.7761	6.7191908E-5	0.009598844
-1360.8201	6.5184062E-5	0.00931200885714286
-1350.8598	6.0705127E-5	0.008672161
-1340.9056	6.0038795E-5	0.00857697071428571
-1330.9432	6.2086222E-5	0.00886946028571428
-1320.9718	6.1844095E-5	0.00883487071428571
-1311.0095	5.824798E-5	0.00832114
-1301.0512	6.0351696E-5	0.00862167085714286
-1291.0907	5.7850319E-5	0.00826433128571429
-1281.1285	5.6740116E-5	0.00810573085714286
-1271.1666	5.8683888E-5	0.00838341257142857
-1261.2039	5.3678512E-5	0.00766835885714286
-1251.2427	4.8291725E-5	0.00689881785714286
-1241.2781	5.4171469E-5	0.00773878128571429
-1231.3202	5.1209571E-5	0.007315653
-1221.3679	5.0030369E-5	0.00714719557142857
-1211.3942	4.7789006E-5	0.00682700085714286
-1202.0661	4.599763E-5	0.00657109
-1198.1774	4.8015613E-5	0.00685937328571428
-1194.4687	4.3895364E-5	0.00627076628571429
-1190.7574	4.877722E-5	0.00696817428571429
-1187.0469	4.458069E-5	0.00636867
-1183.3268	4.4052944E-5	0.00629327771428571
-1179.6268	4.410219E-5	0.00630031285714286
-1175.9161	4.5485906E-5	0.00649798657142857
-1172.2059	4.4580765E-5	0.00636868071428571
-1168.4828	4.6569402E-5	0.00665277171428571
-1164.7741	4.4560825E-5	0.00636583214285714
-1161.0397	4.5691898E-5	0.006527414
-1157.3154	4.5105028E-5	0.00644357542857143
-1153.6052	4.2435853E-5	0.00606226471428571
-1149.9044	4.5691487E-5	0.00652735528571429
-1146.1871	4.4586084E-5	0.00636944057142857
-1142.4721	4.6876638E-5	0.00669666257142857
-1138.7643	4.2553562E-5	0.00607908028571429
-1135.0587	4.0947446E-5	0.00584963514285714
-1131.3398	4.0521415E-5	0.00578877357142857
-1127.6339	3.9343041E-5	0.00562043442857143
-1123.9157	4.0394722E-5	0.00577067457142857
-1120.2098	4.3920899E-5	0.00627441414285714
-1116.5049	4.037881E-5	0.00576840142857143
-1112.7924	4.0649763E-5	0.005807109
-1109.0737	4.3386013E-5	0.00619800185714286
-1105.3666	4.0769446E-5	0.00582420657142857
-1101.6564	3.9173651E-5	0.00559623585714286
-1097.9398	3.3201116E-5	0.00474301657142857
-1094.2337	3.3541908E-5	0.00479170114285714
-1090.4911	3.630799E-5	0.00518685571428571
-1086.7808	3.4896444E-5	0.00498520628571429
-1083.064	3.5830555E-5	0.00511865071428571
-1079.3546	3.6116649E-5	0.00515952128571429
-1075.6412	3.4507949E-5	0.004929707
-1071.93	3.3569567E-5	0.00479565242857143
-1068.2175	3.4580731E-5	0.00494010442857143
-1064.5118	3.636345E-5	0.00519477857142857
-1060.7957	3.5670163E-5	0.00509573757142857
-1057.0769	3.2467987E-5	0.00463828385714286
-1053.3676	3.2776878E-5	0.00468241114285714
-1049.6742	3.3165078E-5	0.00473786828571429
-1045.955	2.9939261E-5	0.00427703728571429
-1042.2463	3.3094985E-5	0.004727855
-1038.5278	3.1992897E-5	0.00457041385714286
-1034.8199	3.2643026E-5	0.00466328942857143
-1031.1032	3.1293015E-5	0.00447043071428571
-1027.3897	3.0812192E-5	0.00440174171428571
-1023.6874	2.6803714E-5	0.003829102
-1019.9416	3.5936412E-5	0.00513377314285714
-1016.2102	3.2396893E-5	0.00462812757142857
-1012.482	3.2612392E-5	0.00465891314285714
-1008.7445	3.0621429E-5	0.00437448985714286
-1005.0123	2.7144283E-5	0.00387775471428571
-1001.2739	3.1941706E-5	0.00456310085714286
-997.54181	2.935219E-5	0.00419317
-993.79868	3.1394771E-5	0.00448496728571429
-990.06542	3.1247873E-5	0.00446398185714286
-986.33465	2.4646279E-5	0.003520897
-982.5912	2.6013457E-5	0.00371620814285714
-978.85815	2.2185452E-5	0.00316935028571429
-975.12532	2.7719401E-5	0.00395991442857143
-971.39671	2.6089329E-5	0.003727047
-967.65347	2.7132418E-5	0.00387605971428571
-963.91745	2.470197E-5	0.00352885285714286
-960.18439	2.5919735E-5	0.00370281928571429
-956.43621	2.0786128E-5	0.00296944685714286
-952.71513	2.5780989E-5	0.00368299842857143
-948.98569	2.4650768E-5	0.00352153828571429
-945.2377	2.0884038E-5	0.002983434
-941.50887	2.2291244E-5	0.00318446342857143
-937.78357	2.0086084E-5	0.00286944057142857
-934.02693	2.2049902E-5	0.003149986
-930.2633	1.9169479E-5	0.002738497
-926.53375	2.160193E-5	0.00308599
-922.80031	1.8871765E-5	0.00269596642857143
-919.05602	2.3239524E-5	0.003319932
-915.32299	2.1524557E-5	0.00307493671428571
-911.58695	1.580979E-5	0.00225854142857143
-907.84691	1.9713772E-5	0.00281625314285714
-904.11006	1.9910206E-5	0.00284431514285714
-900.3837	1.8239841E-5	0.00260569157142857
-896.64304	1.6449143E-5	0.00234987757142857
-892.91247	1.6535985E-5	0.00236228357142857
-889.17768	2.0916091E-5	0.002988013
-885.43846	1.8149912E-5	0.00259284457142857
-881.70624	1.6302628E-5	0.00232894685714286
-877.96341	2.0371722E-5	0.002910246
-874.2325	1.5210978E-5	0.00217299685714286
-870.51229	1.8989663E-5	0.002712809
-866.76154	1.5954033E-5	0.00227914757142857
-863.02747	1.6044459E-5	0.00229206557142857
-859.29473	1.5369634E-5	0.002195662
-855.55459	1.6452469E-5	0.00235035271428571
-851.82463	1.6270196E-5	0.00232431371428571
-848.08024	1.8006473E-5	0.00257235328571429
-844.35164	1.2427534E-5	0.001775362
-840.6184	1.3780609E-5	0.00196865842857143
-836.87701	1.5165216E-5	0.00216645942857143
-833.13562	1.4508717E-5	0.00207267385714286
-829.4141	1.3887925E-5	0.00198398928571429
-825.67798	1.1404184E-5	0.00162916914285714
-821.93947	1.6607766E-5	0.002372538
-818.17233	1.406245E-5	0.00200892142857143
-814.43136	1.3076218E-5	0.00186803114285714
-810.70048	1.0909242E-5	0.00155846314285714
-806.93045	8.972525E-6	0.00128178928571429
-803.19226	1.1093548E-5	0.00158479257142857
-799.45274	8.9802799E-6	0.00128289712857143
-795.72206	1.1515416E-5	0.00164505942857143
-791.98458	1.3228682E-5	0.00188981171428571
-788.24453	1.0034965E-5	0.00143356642857143
-784.50789	1.2754008E-5	0.00182200114285714
-780.77392	8.0548174E-6	0.0011506882
-777.0418	8.5114304E-6	0.00121591862857143
-773.30588	6.1623936E-6	8.80341942857143E-4
-769.56872	3.2268492E-6	4.60978457142857E-4
-765.80074	4.8405364E-6	6.915052E-4
-762.06461	8.1089467E-6	0.00115842095714286
-758.32632	2.8756463E-6	4.10806614285714E-4
-754.5942	8.4585844E-6	0.0012083692
-750.85292	5.6788162E-6	8.11259457142857E-4
-747.12209	5.4445808E-6	7.77797257142857E-4
-743.38647	4.6750127E-6	6.67858957142857E-4
-739.64729	8.0547551E-6	0.0011506793
-735.9148	5.2594304E-6	7.513472E-4
-732.17285	2.421301E-6	3.45900142857143E-4
-728.44965	6.2487003E-6	8.92671471428571E-4
-724.70346	4.2560405E-6	6.08005785714286E-4
-720.97995	3.5263511E-6	5.03764442857143E-4
-717.23274	2.2845005E-6	3.26357214285714E-4
-713.49482	-1.9048165E-6	-2.72116642857143E-4
-709.75388	2.1698073E-6	3.09972471428571E-4
-706.04386	2.5653716E-6	3.66481657142857E-4
-702.30025	2.8040372E-7	4.00576742857143E-5
-698.5684	-1.7710064E-6	-2.53000914285714E-4
-694.82468	1.8092363E-6	2.58462328571429E-4
-691.07584	-4.7833412E-6	-6.83334457142857E-4
-687.31759	2.5599625E-6	3.65708928571429E-4
-683.58524	-2.2752935E-6	-3.25041928571429E-4
-679.85192	7.470754E-7	1.06725057142857E-4
-676.12058	-3.5816814E-6	-5.11668771428571E-4
-672.36687	6.0483564E-7	8.64050914285714E-5
-668.62719	-3.1127921E-6	-4.44684585714286E-4
-664.90356	-3.0944954E-6	-4.42070771428571E-4
-661.1545	-9.2801041E-6	-0.00132572915714286
-657.38781	-5.5921392E-6	-7.98877028571429E-4
-653.66409	1.0107961E-6	1.44399442857143E-4
-649.91297	-4.6514379E-6	-6.64491128571429E-4
-646.14537	-3.7440994E-6	-5.34871342857143E-4
-642.41537	1.097681E-6	1.56811571428571E-4
-638.69453	-6.9031728E-6	-9.86167542857143E-4
-634.9429	-6.0649431E-6	-8.66420442857143E-4
-631.20753	-5.4650353E-6	-7.80719328571429E-4
-627.4804	-4.6437043E-6	-6.63386328571429E-4
-623.74378	-4.2421378E-6	-6.06019685714286E-4
-619.9986	-6.9397812E-6	-9.91397314285714E-4
-616.26437	-9.439775E-6	-0.00134853928571429
-612.49264	-9.2586728E-6	-0.00132266754285714
-608.75398	-6.6973375E-6	-9.567625E-4
-605.03345	-7.7071422E-6	-0.00110102031428571
-600.68651	-1.150348E-5	-0.00164335428571429
-595.67038	-6.8403257E-6	-9.77189385714286E-4
-590.67331	-9.5181429E-6	-0.0013597347
-585.64842	-1.075707E-5	-0.00153672428571429
-580.65929	-6.7122175E-6	-9.58888214285714E-4
-575.665	-5.1686571E-6	-7.38379585714286E-4
-570.63084	-8.6657771E-6	-0.00123796815714286
-565.62378	-1.3906778E-5	-0.00198668257142857
-560.63691	-1.1078665E-5	-0.00158266642857143
-555.66509	-1.8200814E-5	-0.00260011628571429
-550.6882	-1.3409549E-5	-0.00191564985714286
-545.69691	-1.1530449E-5	-0.001647207
-540.72384	-1.1692687E-5	-0.00167038385714286
-535.73769	-1.9930086E-5	-0.00284715514285714
-530.75731	-1.5649451E-5	-0.00223563585714286
-525.78497	-1.392517E-5	-0.00198931
-520.80509	-1.2702157E-5	-0.00181459385714286
-515.82163	-1.9199547E-5	-0.00274279242857143
-510.84373	-1.5654528E-5	-0.00223636114285714
-505.84409	-1.8040115E-5	-0.00257715928571429
-500.84931	-1.8591465E-5	-0.00265592357142857
-495.82103	-1.7346037E-5	-0.00247800528571429
-490.81123	-1.8945398E-5	-0.00270648542857143
-485.82418	-1.4315053E-5	-0.00204500757142857
-480.83023	-2.3511058E-5	-0.00335872257142857
-475.83639	-2.2063791E-5	-0.00315197014285714
-470.83647	-1.9576364E-5	-0.00279662342857143
-465.86414	-2.2833471E-5	-0.00326192442857143
-460.8531	-2.3175783E-5	-0.00331082614285714
-455.85453	-2.0538505E-5	-0.00293407214285714
-450.86984	-2.4098301E-5	-0.00344261442857143
-445.88042	-2.5336409E-5	-0.003619487
-440.88226	-2.4116022E-5	-0.003445146
-435.90054	-1.8543487E-5	-0.00264906957142857
-430.90597	-2.3474779E-5	-0.00335353985714286
-425.90934	-2.54443E-5	-0.0036349
-420.9224	-2.6729989E-5	-0.00381856985714286
-415.92031	-2.3895146E-5	-0.00341359228571429
-410.92708	-2.5795789E-5	-0.00368511271428571
-405.9421	-2.7932928E-5	-0.00399041828571429
-400.94444	-2.4675281E-5	-0.00352504014285714
-395.95791	-2.536583E-5	-0.00362369
-390.95686	-2.1331948E-5	-0.00304742114285714
-385.96456	-2.9841039E-5	-0.00426300557142857
-380.9809	-2.735993E-5	-0.00390856142857143
-375.99375	-2.6162158E-5	-0.00373745114285714
-370.98492	-2.5031872E-5	-0.00357598171428571
-365.99845	-2.6630689E-5	-0.00380438414285714
-361.00642	-2.7447249E-5	-0.00392103557142857
-355.96217	-3.2010477E-5	-0.00457292528571429
-350.97148	-2.6665297E-5	-0.00380932814285714
-345.97038	-2.8351329E-5	-0.00405018985714286
-340.98741	-3.0020381E-5	-0.00428862585714286
-335.99332	-3.1100362E-5	-0.00444290885714286
-330.99469	-2.9831393E-5	-0.00426162757142857
-326.00936	-3.2211219E-5	-0.00460160271428571
-321.0067	-3.2787553E-5	-0.00468393614285714
-316.03248	-3.5654024E-5	-0.005093432
-311.02263	-3.1741408E-5	-0.00453448685714286
-306.03441	-3.423673E-5	-0.00489096142857143
-301.04073	-3.0645088E-5	-0.00437786971428571
-296.04951	-3.3412325E-5	-0.00477318928571429
-291.05955	-3.4577551E-5	-0.00493965014285714
-286.05495	-3.4346002E-5	-0.00490657171428571
-281.06745	-3.8397063E-5	-0.00548529471428571
-276.07305	-3.1677258E-5	-0.00452532257142857
-271.08147	-3.6218996E-5	-0.00517414228571429
-266.09817	-3.6536005E-5	-0.00521942928571429
-261.10372	-3.4021017E-5	-0.00486014528571429
-256.10422	-3.9007048E-5	-0.00557243542857143
-251.10368	-3.1117043E-5	-0.00444529185714286
-246.08168	-3.9409175E-5	-0.00562988214285714
-241.06094	-3.76354E-5	-0.00537648571428571
-236.06102	-3.4971667E-5	-0.00499595242857143
-231.07028	-3.9990663E-5	-0.00571295185714286
-226.06232	-3.5409053E-5	-0.00505843614285714
-221.05724	-4.0568887E-5	-0.00579555528571429
-216.06651	-3.6926372E-5	-0.005275196
-211.06662	-3.7176908E-5	-0.00531098685714286
-206.08187	-4.1776415E-5	-0.00596805928571429
-202.52744	-4.0418532E-5	-0.005774076
-200.5275	-3.7408216E-5	-0.00534403085714286
-198.53078	-3.7977745E-5	-0.00542539214285714
-196.54425	-3.9215869E-5	-0.005602267
-194.54701	-4.2776541E-5	-0.00611093442857143
-192.55946	-4.281876E-5	-0.00611696571428571
-190.55851	-3.9822258E-5	-0.005688894
-188.56148	-3.5197008E-5	-0.005028144
-186.563	-4.3608586E-5	-0.006229798
-184.56474	-3.9949087E-5	-0.00570701242857143
-182.571	-4.0760737E-5	-0.00582296242857143
-180.58066	-4.3217993E-5	-0.006173999
-178.57632	-4.4427646E-5	-0.00634680657142857
-176.58886	-4.2433219E-5	-0.00606188842857143
-174.57407	-4.16335E-5	-0.00594764285714286
-172.59431	-4.5122294E-5	-0.006446042
-170.59919	-4.306314E-5	-0.00615187714285714
-168.60377	-4.3280162E-5	-0.00618288028571429
-166.5931	-4.0059822E-5	-0.00572283171428571
-164.60272	-4.3119078E-5	-0.00615986828571429
-162.60843	-4.1181046E-5	-0.00588300657142857
-160.6195	-4.3244186E-5	-0.00617774085714286
-158.61244	-4.3108617E-5	-0.00615837385714286
-156.6232	-4.3158781E-5	-0.00616554014285714
-154.63375	-4.3108342E-5	-0.00615833457142857
-152.63452	-4.1260108E-5	-0.00589430114285714
-150.64527	-4.2361682E-5	-0.00605166885714286
-148.63139	-4.3073569E-5	-0.006153367
-146.64453	-3.9798917E-5	-0.00568555957142857
-144.65261	-4.6156551E-5	-0.006593793
-142.64255	-4.6122986E-5	-0.006588998
-140.66001	-4.5278586E-5	-0.00646836942857143
-138.65902	-4.2141326E-5	-0.00602018942857143
-136.67689	-3.8688063E-5	-0.00552686614285714
-134.66488	-3.980295E-5	-0.00568613571428571
-132.67904	-4.5889549E-5	-0.00655564985714286
-130.67176	-4.552296E-5	-0.00650328
-128.68655	-4.3705317E-5	-0.00624361671428571
-126.68752	-4.7055248E-5	-0.00672217828571429
-124.68432	-4.4637861E-5	-0.00637683728571429
-122.69753	-4.3010729E-5	-0.00614438985714286
-120.68595	-4.4630653E-5	-0.00637580757142857
-118.68962	-4.4043268E-5	-0.00629189542857143
-116.68864	-4.0635069E-5	-0.00580500985714286
-114.6886	-4.2859048E-5	-0.00612272114285714
-112.68557	-4.8412894E-5	-0.00691612771428571
-110.69932	-4.6578735E-5	-0.006654105
-108.68919	-4.6285105E-5	-0.00661215785714286
-106.70006	-4.2579929E-5	-0.006082847
-104.70619	-4.6419354E-5	-0.00663133628571429
-102.69564	-4.7539858E-5	-0.00679140828571429
-100.69827	-4.6330668E-5	-0.00661866685714286
-98.689368	-4.5658164E-5	-0.00652259485714286
-96.688706	-4.6332682E-5	-0.00661895457142857
-94.691956	-4.5193677E-5	-0.00645623957142857
-92.688203	-4.7753717E-5	-0.00682195957142857
-90.680128	-4.7532116E-5	-0.00679030228571429
-88.689866	-4.3555763E-5	-0.00622225185714286
-86.682819	-4.7724838E-5	-0.006817834
-84.689468	-4.4853837E-5	-0.006407691
-82.695808	-4.4304478E-5	-0.00632921114285714
-80.686085	-4.4960322E-5	-0.00642290314285714
-78.687384	-4.9284981E-5	-0.00704071157142857
-76.698018	-4.8764583E-5	-0.006966369
-74.696731	-4.749681E-5	-0.00678525857142857
-72.698224	-5.0335426E-5	-0.00719077514285714
-70.696938	-4.6942475E-5	-0.00670606785714286
-68.687309	-4.5782922E-5	-0.00654041742857143
-66.699614	-4.644937E-5	-0.00663562428571429
-64.697194	-4.9464193E-5	-0.00706631328571429
-62.699306	-4.9089463E-5	-0.00701278042857143
-60.696989	-4.6741579E-5	-0.00667736842857143
-58.703938	-4.896492E-5	-0.00699498857142857
-56.712639	-4.7887619E-5	-0.00684108842857143
-54.706306	-5.0225639E-5	-0.00717509128571429
-52.71305	-5.1032115E-5	-0.00729030214285714
-50.71186	-4.8610613E-5	-0.00694437328571429
-48.707067	-4.9164205E-5	-0.00702345785714286
-46.704544	-4.8994836E-5	-0.00699926228571429
-44.712627	-4.9850077E-5	-0.00712143957142857
-42.711443	-4.5098705E-5	-0.00644267214285714
-40.713966	-5.080239E-5	-0.00725748428571429
-38.719784	-5.0161949E-5	-0.00716599271428571
-36.713862	-4.6113561E-5	-0.00658765157142857
-34.712265	-4.3756575E-5	-0.00625093928571429
-32.719731	-4.2498768E-5	-0.00607125257142857
-30.715561	-4.6296792E-5	-0.00661382742857143
-28.724262	-4.6448957E-5	-0.00663556528571429
-26.715251	-5.0107727E-5	-0.00715824671428571
-24.722305	-4.656608E-5	-0.00665229714285714
-22.722486	-5.4906339E-5	-0.00784376271428571
-20.717334	-5.3130856E-5	-0.00759012228571429
-18.718251	-5.2173123E-5	-0.00745330328571429
-16.719478	-5.193439E-5	-0.00741919857142857
-14.717825	-5.2401808E-5	-0.00748597257142857
-12.727482	-5.2384015E-5	-0.00748343071428571
-10.718733	-5.1576301E-5	-0.007368043
-8.716463	-4.8271927E-5	-0.00689598957142857
-6.7260175	-4.4735604E-5	-0.00639080057142857
-4.7212804	-5.0751946E-5	-0.007250278
-2.6928952	-5.2786618E-5	-0.00754094542857143
-0.69621834	-5.1655591E-5	-0.00737937014285714
1.3010129	-4.8896566E-5	-0.00698522371428571
3.3134496	-5.0333189E-5	-0.00719045557142857
5.306199	-4.8433008E-5	-0.00691900114285714
7.3001853	-5.3310586E-5	-0.007615798
9.3054067	-5.0172958E-5	-0.00716756542857143
11.303207	-4.9873845E-5	-0.007124835
13.303896	-4.9262848E-5	-0.00703754971428571
15.299325	-4.911463E-5	-0.00701637571428571
17.301249	-4.8750803E-5	-0.00696440042857143
19.308635	-5.3105018E-5	-0.00758643114285714
21.325607	-5.1717358E-5	-0.007388194
23.312172	-5.1168975E-5	-0.00730985357142857
25.321207	-5.1214576E-5	-0.007316368
27.323027	-5.3248719E-5	-0.00760695985714286
29.314899	-4.7823224E-5	-0.00683188914285714
31.332151	-5.1752368E-5	-0.00739319542857143
33.320778	-4.8548585E-5	-0.00693551214285714
35.320475	-5.1437313E-5	-0.00734818757142857
37.314663	-5.2092415E-5	-0.00744177357142857
39.328209	-5.1633282E-5	-0.00737618314285714
41.317299	-5.1528301E-5	-0.00736118585714286
43.317768	-5.1955031E-5	-0.00742214728571429
45.312832	-4.8719712E-5	-0.00695995885714286
47.319632	-4.9914614E-5	-0.00713065914285714
49.325096	-5.0781949E-5	-0.00725456414285714
51.319541	-5.2922106E-5	-0.00756030085714286
53.320122	-5.3826381E-5	-0.007689483
55.333102	-5.1462761E-5	-0.007351823
57.322348	-5.0830014E-5	-0.00726143057142857
59.379137	-4.8460395E-5	-0.00692291357142857
61.320454	-5.2800876E-5	-0.00754298228571429
63.307435	-5.3340141E-5	-0.00762002014285714
65.314854	-5.0648073E-5	-0.007235439
67.304716	-5.1655554E-5	-0.00737936485714286
69.313577	-5.2865402E-5	-0.00755220028571429
71.311112	-5.1234104E-5	-0.00731915771428571
73.305402	-4.9099625E-5	-0.00701423214285714
75.311586	-5.083481E-5	-0.00726211571428571
77.315814	-5.2664628E-5	-0.00752351828571429
79.316434	-5.5501288E-5	-0.00792875542857143
81.303685	-5.5637241E-5	-0.00794817728571429
83.308631	-5.3801425E-5	-0.00768591785714286
85.292422	-5.0471557E-5	-0.00721022242857143
87.316882	-5.1570865E-5	-0.00736726642857143
89.3294	-5.43951E-5	-0.00777072857142857
91.32431	-5.1445955E-5	-0.00734942214285714
93.31814	-5.5846824E-5	-0.00797811771428571
95.23269	-5.2192221E-5	-0.00745603157142857
97.054627	-5.2969311E-5	-0.00756704442857143
99.036718	-5.5360187E-5	-0.00790859814285714
101.02334	-5.4474684E-5	-0.00778209771428571
103.03993	-5.5437347E-5	-0.007919621
105.03582	-5.1247137E-5	-0.00732101957142857
107.03218	-5.2948234E-5	-0.00756403342857143
109.03275	-5.2260929E-5	-0.007465847
111.036	-5.2629474E-5	-0.00751849628571429
113.01809	-5.5132602E-5	-0.007876086
115.0252	-5.7117259E-5	-0.00815960842857143
117.01852	-5.2290137E-5	-0.00747001957142857
119.02424	-5.7542659E-5	-0.00822037985714286
121.01529	-5.2966619E-5	-0.00756665985714286
123.03383	-5.2764598E-5	-0.00753779971428571
125.01072	-5.2716359E-5	-0.00753090842857143
127.02047	-5.6205001E-5	-0.00802928585714286
129.01538	-5.5779544E-5	-0.00796850628571429
131.0053	-5.2480745E-5	-0.00749724928571428
133.02076	-5.3892217E-5	-0.00769888814285714
135.01984	-5.4226906E-5	-0.00774670085714286
137.01558	-5.4916889E-5	-0.00784526985714286
139.01724	-5.5399181E-5	-0.00791416871428571
141.00783	-5.2085311E-5	-0.00744075871428571
143.00748	-5.4307409E-5	-0.00775820128571429
145.01846	-5.4359962E-5	-0.00776570885714286
147.00189	-5.8924523E-5	-0.008417789
149.00895	-5.4201634E-5	-0.00774309057142857
151.00717	-5.6252752E-5	-0.00803610742857143
152.99982	-5.5182359E-5	-0.00788319414285714
154.9985	-5.3026004E-5	-0.00757514342857143
157.00978	-5.4858403E-5	-0.00783691471428571
159.01535	-5.5349162E-5	-0.00790702314285714
161.01552	-5.2892598E-5	-0.00755608542857143
163.00611	-5.478349E-5	-0.00782621285714286
165.02471	-5.3908213E-5	-0.00770117328571429
167.01947	-5.355162E-5	-0.00765023142857143
169.00825	-5.8287244E-5	-0.00832674914285714
171.0094	-5.7066742E-5	-0.00815239171428571
173.0178	-5.2338792E-5	-0.00747697028571429
175.00643	-5.4132252E-5	-0.00773317885714286
177.02185	-5.3106132E-5	-0.00758659028571429
179.03294	-5.7510776E-5	-0.00821582514285714
181.03271	-5.5378796E-5	-0.00791125657142857
183.02059	-6.0057535E-5	-0.00857964785714286
185.02514	-5.1327506E-5	-0.00733250085714286
187.02435	-5.8410952E-5	-0.00834442171428572
189.0253	-5.4793926E-5	-0.00782770371428571
191.02867	-5.6084042E-5	-0.008012006
193.02638	-5.5368968E-5	-0.00790985257142857
195.02733	-5.7630117E-5	-0.00823287385714286
198.52653	-5.4419888E-5	-0.00777426971428571
203.52924	-5.9040876E-5	-0.00843441085714286
208.52596	-5.6925154E-5	-0.00813216485714286
213.50981	-6.0509448E-5	-0.00864420685714286
218.52537	-5.6932846E-5	-0.00813326371428571
223.52168	-6.0773118E-5	-0.008681874
228.51638	-5.3938653E-5	-0.00770552185714286
233.51872	-6.2005812E-5	-0.00885797314285714
238.51203	-5.7146708E-5	-0.00816381542857143
243.51332	-6.0825873E-5	-0.00868941042857143
248.50729	-6.0864153E-5	-0.008694879
253.51773	-5.7225476E-5	-0.008175068
258.51563	-5.6085453E-5	-0.00801220757142857
263.50182	-5.8196244E-5	-0.00831374914285714
268.506	-6.1499395E-5	-0.00878562785714286
273.50328	-6.2491625E-5	-0.008927375
278.50427	-6.0412289E-5	-0.008630327
283.50616	-6.1157175E-5	-0.00873673928571429
288.50108	-6.4282494E-5	-0.00918321342857143
293.50096	-5.9437156E-5	-0.00849102228571429
298.50902	-5.7234918E-5	-0.00817641685714286
303.49381	-5.9736138E-5	-0.008533734
308.50073	-6.0602652E-5	-0.00865752171428571
313.49371	-5.9797479E-5	-0.008542497
318.49245	-6.6569649E-5	-0.00950994985714286
323.49079	-6.4048213E-5	-0.00914974471428571
328.49423	-6.2793452E-5	-0.00897049314285714
333.49184	-6.4338374E-5	-0.00919119628571429
338.48847	-6.3392085E-5	-0.00905601214285714
343.49833	-6.0819838E-5	-0.00868854828571429
348.48358	-6.2371651E-5	-0.00891023585714286
353.49072	-6.2119389E-5	-0.00887419842857143
358.48694	-6.3180815E-5	-0.00902583071428571
363.48264	-6.6414936E-5	-0.009487848
368.48133	-6.5205905E-5	-0.00931512928571429
373.48431	-6.1796068E-5	-0.00882800971428572
378.4787	-6.3854953E-5	-0.00912213614285714
383.47409	-6.3236585E-5	-0.00903379785714286
388.47904	-6.6366692E-5	-0.009480956
393.4792	-6.4389603E-5	-0.00919851471428571
398.47798	-6.1771265E-5	-0.00882446642857143
403.4747	-6.612592E-5	-0.00944656
408.48099	-6.3679109E-5	-0.00909701557142857
413.4706	-6.6302203E-5	-0.00947174328571429
418.47674	-6.7631311E-5	-0.00966161585714286
423.51009	-6.4615103E-5	-0.009230729
428.52714	-6.4118108E-5	-0.00915972971428571
433.52097	-6.8961534E-5	-0.00985164771428571
438.5082	-6.9939371E-5	-0.00999133871428571
443.51773	-6.4428553E-5	-0.009204079
448.5182	-6.8054787E-5	-0.00972211242857143
453.51364	-6.6313655E-5	-0.00947337928571429
458.50717	-7.1863152E-5	-0.0102661645714286
463.5064	-6.5905258E-5	-0.00941503685714286
468.51387	-6.6308186E-5	-0.009472598
473.51558	-7.1161121E-5	-0.0101658744285714
478.50854	-7.0218616E-5	-0.0100312308571429
483.51303	-6.6349462E-5	-0.00947849457142857
488.51052	-6.6644367E-5	-0.00952062385714286
493.51218	-7.3228235E-5	-0.0104611764285714
498.49768	-7.1233805E-5	-0.0101762578571429
503.4958	-6.7389286E-5	-0.00962704085714286
508.49788	-6.811396E-5	-0.00973056571428571
513.4876	-6.8908745E-5	-0.00984410642857143
518.49226	-6.4026658E-5	-0.00914666542857143
523.48261	-6.4828078E-5	-0.009261154
528.48356	-6.6024766E-5	-0.00943210942857143
533.47102	-6.9956891E-5	-0.00999384157142857
538.45134	-6.4387951E-5	-0.00919827871428571
543.45594	-6.8473728E-5	-0.00978196114285714
548.44922	-6.8668875E-5	-0.00980983928571429
553.44401	-7.0670916E-5	-0.0100958451428571
558.43399	-7.2341385E-5	-0.0103344835714286
563.41765	-6.7360801E-5	-0.00962297157142857
568.41083	-6.6362963E-5	-0.00948042328571429
573.40689	-6.7016475E-5	-0.00957378214285714
578.40593	-7.0365515E-5	-0.0100522164285714
583.39968	-7.2986747E-5	-0.0104266781428571
588.3875	-6.9156934E-5	-0.009879562
593.37122	-6.8984242E-5	-0.00985489171428571
597.68706	-6.738744E-5	-0.00962677714285714
601.44895	-7.0290688E-5	-0.0100415268571429
605.18114	-7.1682694E-5	-0.0102403848571429
608.94	-7.4763105E-5	-0.0106804435714286
612.68466	-6.9281135E-5	-0.009897305
616.42715	-6.9785144E-5	-0.00996930628571429
620.18102	-6.7654854E-5	-0.00966497914285714
623.92526	-6.5411189E-5	-0.00934445557142857
627.67742	-7.0365379E-5	-0.010052197
631.41461	-6.8724656E-5	-0.009817808
635.17197	-6.363497E-5	-0.00909071
638.91611	-6.7813044E-5	-0.00968757771428571
642.65984	-6.7534352E-5	-0.00964776457142857
646.41509	-6.9387808E-5	-0.009912544
650.15676	-6.2897172E-5	-0.00898531028571429
653.91103	-6.7249594E-5	-0.00960708485714286
657.65605	-7.0159989E-5	-0.0100228555714286
661.39813	-6.5695091E-5	-0.009385013
665.15004	-6.78622E-5	-0.0096946
668.89423	-6.7469713E-5	-0.00963853042857143
672.64341	-6.9612967E-5	-0.00994470957142857
676.39573	-6.7671962E-5	-0.00966742314285714
680.14348	-6.3926515E-5	-0.00913235928571429
683.88659	-6.5872811E-5	-0.00941040157142857
687.63638	-6.6953301E-5	-0.00956475728571429
691.39065	-5.9080144E-5	-0.00844002057142857
695.1243	-7.1201588E-5	-0.0101716554285714
698.87966	-6.673746E-5	-0.00953392285714286
702.62816	-6.7319724E-5	-0.00961710342857143
706.36583	-6.4708607E-5	-0.00924408671428571
710.12076	-6.4440109E-5	-0.00920572985714286
713.86233	-6.7918485E-5	-0.00970264071428571
717.61208	-6.8578263E-5	-0.00979689471428571
721.36718	-6.8591956E-5	-0.00979885085714286
725.10843	-5.9515853E-5	-0.00850226471428571
728.86224	-6.663345E-5	-0.00951906428571429
732.61127	-6.328239E-5	-0.00904034142857143
736.35551	-6.33719E-5	-0.00905312857142857
740.09688	-6.5489674E-5	-0.00935566771428571
743.84359	-6.0659691E-5	-0.00866567014285714
747.59945	-5.9952248E-5	-0.00856460685714286
751.34026	-6.3170717E-5	-0.00902438814285714
755.09861	-6.3482616E-5	-0.00906894514285714
758.84158	-6.4364644E-5	-0.00919494914285714
762.59186	-6.0898754E-5	-0.008699822
766.33889	-6.0759953E-5	-0.00867999328571429
770.07878	-5.8695938E-5	-0.008385134
773.82155	-5.9860164E-5	-0.008551452
777.57472	-6.5131334E-5	-0.00930447628571429
781.31949	-5.8420041E-5	-0.00834572014285714
785.07048	-6.4093295E-5	-0.009156185
788.80965	-6.5745157E-5	-0.00939216528571428
792.56773	-5.6356158E-5	-0.00805087971428571
796.31288	-5.7341458E-5	-0.00819163685714286
800.06732	-5.9690378E-5	-0.00852719685714286
803.82912	-5.5514478E-5	-0.00793063971428571
807.59663	-5.5700099E-5	-0.007957157
811.34748	-5.7034658E-5	-0.00814780828571429
815.08376	-5.4550452E-5	-0.00779292171428571
818.84207	-5.5033003E-5	-0.00786185757142857
822.58303	-5.0954637E-5	-0.00727923385714286
826.33594	-5.3232481E-5	-0.00760464014285714
830.07694	-5.4969014E-5	-0.00785271628571428
833.82763	-5.4113586E-5	-0.00773051228571429
837.57293	-5.5722022E-5	-0.00796028885714286
841.35732	-4.8771259E-5	-0.00696732271428571
845.10872	-5.6777373E-5	-0.00811105328571429
848.84952	-5.3474112E-5	-0.00763915885714286
852.60598	-5.2011308E-5	-0.00743018685714286
856.3486	-5.0297157E-5	-0.00718530814285714
860.09353	-4.9969395E-5	-0.007138485
863.85172	-5.4366039E-5	-0.007766577
867.59058	-5.0795541E-5	-0.00725650585714286
871.35448	-4.9178412E-5	-0.00702548742857143
875.09449	-4.620335E-5	-0.00660047857142857
878.83232	-4.7585564E-5	-0.00679793771428571
882.57266	-4.8716446E-5	-0.00695949228571429
886.3279	-5.0100053E-5	-0.00715715042857143
890.08274	-4.6819824E-5	-0.00668854628571429
893.83374	-5.0299046E-5	-0.007185578
897.57152	-5.1390278E-5	-0.00734146828571429
901.36131	-4.7363054E-5	-0.00676615057142857
905.10912	-4.7093116E-5	-0.006727588
908.85739	-4.890359E-5	-0.00698622714285714
912.60236	-4.156695E-5	-0.00593813571428571
916.33787	-4.5707558E-5	-0.00652965114285714
920.09443	-4.8098671E-5	-0.00687123871428571
923.84306	-4.9259583E-5	-0.00703708328571429
927.59416	-4.8527878E-5	-0.006932554
931.34413	-4.5176128E-5	-0.00645373257142857
935.08922	-4.4298174E-5	-0.00632831057142857
938.8343	-4.6176664E-5	-0.00659666628571429
942.57243	-4.5514327E-5	-0.00650204671428571
946.32112	-4.485035E-5	-0.00640719285714286
950.07004	-4.2778258E-5	-0.00611117971428571
953.8282	-4.4557017E-5	-0.00636528814285714
957.57174	-3.9851357E-5	-0.005693051
961.31981	-4.5104461E-5	-0.00644349442857143
965.06751	-4.6672015E-5	-0.00666743071428571
968.82546	-4.6163376E-5	-0.006594768
972.56668	-4.3698831E-5	-0.00624269014285714
976.31073	-4.078237E-5	-0.00582605285714286
980.05309	-4.2117544E-5	-0.006016792
983.80578	-4.4561318E-5	-0.00636590257142857
987.55647	-4.3313882E-5	-0.00618769742857143
991.30083	-4.4879502E-5	-0.00641135742857143
995.04571	-4.2902016E-5	-0.00612885942857143
998.7905	-4.8086234E-5	-0.006869462
1002.5383	-4.4863027E-5	-0.00640900385714286
1006.2933	-4.496443E-5	-0.00642349
1010.0338	-4.6528094E-5	-0.00664687057142857
1013.7831	-4.1523259E-5	-0.00593189414285714
1017.5334	-3.6699209E-5	-0.00524274414285714
1021.2878	-4.2541731E-5	-0.00607739014285714
1025.0218	-4.1229231E-5	-0.00588989014285714
1028.755	-4.9795832E-5	-0.00711369028571429
1032.5	-3.8500241E-5	-0.00550003442857143
1036.232	-4.0219814E-5	-0.00574568771428571
1039.9681	-4.4627998E-5	-0.00637542828571429
1043.69	-4.9723916E-5	-0.00710341657142857
1047.4347	-4.6509436E-5	-0.00664420514285714
1051.1708	-4.2619656E-5	-0.00608852228571429
1054.9065	-4.2253016E-5	-0.00603614514285714
1058.6453	-4.4115157E-5	-0.00630216528571429
1062.3791	-4.0378933E-5	-0.005768419
1066.1104	-4.3014334E-5	-0.00614490485714286
1069.8577	-4.9382086E-5	-0.00705458371428571
1073.5921	-4.4646179E-5	-0.00637802557142857
1077.3519	-4.4493784E-5	-0.00635625485714286
1081.0876	-3.9143187E-5	-0.00559188385714286
1084.8297	-4.5855639E-5	-0.00655080557142857
1088.5602	-4.6419746E-5	-0.00663139228571429
1092.3021	-4.0260275E-5	-0.00575146785714286
1096.04	-4.4444315E-5	-0.00634918785714286
1099.7743	-4.3876305E-5	-0.00626804357142857
1103.4999	-4.5521189E-5	-0.006503027
1107.2419	-4.4604694E-5	-0.00637209914285714
1110.9736	-4.4418531E-5	-0.00634550442857143
1114.7147	-4.1475227E-5	-0.00592503242857143
1118.4366	-4.7278854E-5	-0.006754122
1122.1809	-4.5406568E-5	-0.00648665257142857
1125.9083	-4.5286644E-5	-0.00646952057142857
1129.651	-4.6357422E-5	-0.00662248885714286
1133.3899	-4.1925329E-5	-0.00598933271428571
1137.1228	-4.571812E-5	-0.00653116
1140.8549	-4.322057E-5	-0.00617436714285714
1144.6043	-4.5177041E-5	-0.006453863
1148.3224	-4.779264E-5	-0.00682752
1152.0632	-4.477809E-5	-0.00639687
1155.7922	-4.2821407E-5	-0.00611734385714286
1159.533	-4.4513075E-5	-0.00635901071428571
1163.2775	-4.5028511E-5	-0.00643264442857143
1167.0074	-4.7347021E-5	-0.00676386014285714
1170.7437	-4.9252042E-5	-0.007036006
1174.4819	-4.4227799E-5	-0.006318257
1178.2162	-4.2140752E-5	-0.00602010742857143
1181.9461	-4.8575834E-5	-0.00693940485714286
1185.6741	-5.1701295E-5	-0.00738589928571429
1189.4121	-4.8593433E-5	-0.006941919
1193.1558	-4.5433797E-5	-0.00649054242857143
1199.8347	-4.7529439E-5	-0.00678991985714286
1209.8226	-4.765812E-5	-0.00680830285714286
1219.8093	-4.8312603E-5	-0.00690180042857143
1229.8014	-4.5857083E-5	-0.00655101185714286
1239.7772	-4.9827028E-5	-0.00711814685714286
1249.7667	-4.8636536E-5	-0.00694807657142857
1259.7441	-5.1826034E-5	-0.00740371914285714
1269.7295	-4.8077493E-5	-0.00686821328571429
1279.7212	-4.8735073E-5	-0.00696215328571429
1289.7195	-5.5670133E-5	-0.00795287614285714
1299.6928	-5.01522E-5	-0.0071646
1309.6821	-5.3150964E-5	-0.00759299485714286
1319.6908	-5.5609554E-5	-0.007944222
1329.746	-5.3015895E-5	-0.00757369928571429
1339.731	-5.6487019E-5	-0.00806957414285714
1349.7137	-5.9483375E-5	-0.008497625
1359.7006	-5.7845656E-5	-0.00826366514285714
1369.6879	-6.2433019E-5	-0.00891900271428571
1379.6789	-5.5360039E-5	-0.007908577
1389.6479	-6.4033122E-5	-0.00914758885714286
1399.6386	-6.1723883E-5	-0.00881769757142857
1409.6219	-6.0984546E-5	-0.008712078
1419.6135	-6.2139225E-5	-0.00887703214285714
1429.6062	-6.0090698E-5	-0.00858438542857143
1439.5813	-6.2085926E-5	-0.008869418
1449.5785	-6.3732663E-5	-0.00910466614285714
1459.5573	-6.4876809E-5	-0.00926811557142857
1469.543	-6.2163641E-5	-0.00888052014285714
1479.5334	-6.3707227E-5	-0.00910103242857143
1489.5165	-6.7835188E-5	-0.00969074114285714
1499.5006	-6.4753145E-5	-0.00925044928571428
1509.4912	-7.6099172E-5	-0.0108713102857143
1519.4726	-6.7350952E-5	-0.00962156457142857
1529.4577	-7.2937021E-5	-0.0104195744285714
1539.4474	-6.7582329E-5	-0.00965461842857143
1549.4298	-6.935356E-5	-0.00990765142857143
1559.4098	-7.8530673E-5	-0.0112186675714286
1569.4044	-7.743978E-5	-0.0110628257142857
1579.3926	-7.6913964E-5	-0.0109877091428571
1589.3704	-8.0007092E-5	-0.0114295845714286
1599.3528	-7.2535395E-5	-0.0103621992857143
1609.3355	-8.170609E-5	-0.0116722985714286
1619.32	-7.8165435E-5	-0.0111664907142857
1629.3119	-8.0039333E-5	-0.0114341904285714
1639.2985	-8.3718218E-5	-0.0119597454285714
1649.2754	-8.6983525E-5	-0.0124262178571429
1659.2652	-7.9695781E-5	-0.0113851115714286
1669.3223	-8.34159E-5	-0.0119165571428571
1679.3341	-8.3910154E-5	-0.0119871648571429
1689.3218	-8.3511E-5	-0.0119301428571429
1699.307	-8.7952201E-5	-0.0125646001428571
1709.2943	-8.8821424E-5	-0.0126887748571429
1719.2771	-9.2079901E-5	-0.0131542715714286
1729.2712	-9.3005552E-5	-0.0132865074285714
1739.252	-9.408758E-5	-0.0134410828571429
1749.2313	-9.6934196E-5	-0.0138477422857143
1759.2222	-9.7474471E-5	-0.0139249244285714
1769.2015	-9.3792339E-5	-0.0133989055714286
1779.1961	-9.2778129E-5	-0.0132540184285714
1789.1737	-9.7617449E-5	-0.0139453498571429
1799.1662	-9.6301867E-5	-0.0137574095714286
1809.1443	-1.0546515E-4	-0.01506645
1819.1323	-9.8592637E-5	-0.0140846624285714
1829.1108	-1.0581025E-4	-0.01511575
1839.1189	-1.0664862E-4	-0.0152355171428571
1849.0881	-1.0882061E-4	-0.0155458014285714
1859.0648	-1.0587805E-4	-0.0151254357142857
1869.0551	-1.0596898E-4	-0.0151384257142857
1879.0553	-1.077167E-4	-0.0153881
1889.0329	-1.0829429E-4	-0.0154706128571429
1899.0167	-1.1045999E-4	-0.0157799985714286
1909.0031	-1.0941863E-4	-0.0156312328571429
1918.9886	-1.1138922E-4	-0.0159127457142857
1928.9757	-1.0955968E-4	-0.0156513828571429
1938.9633	-1.1724787E-4	-0.0167496957142857
1948.9438	-1.1606509E-4	-0.0165807271428571
1958.9201	-1.141012E-4	-0.0163001714285714
1968.9136	-1.1495417E-4	-0.0164220242857143
1978.8965	-1.1625553E-4	-0.0166079328571429
1988.8905	-1.1610054E-4	-0.0165857914285714
2248.2262	-1.3838723E-4	-0.0197696042857143
2748.1774	-2.2373645E-4	-0.03196235
3248.1254	-2.3843158E-4	-0.0340616542857143
3748.1113	-2.8546631E-4	-0.0407809014285714
4248.0277	-3.448635E-4	-0.0492662142857143
4747.9801	-4.0235903E-4	-0.0574798614285714
5247.9132	-4.7989485E-4	-0.0685564071428571
5747.8181	-5.0724258E-4	-0.0724632257142857
6247.7675	-5.4625944E-4	-0.0780370628571428
6747.6927	-5.9752113E-4	-0.0853601614285714
7247.5476	-6.2362158E-4	-0.0890887971428572
7747.4719	-6.8787559E-4	-0.0982679414285714
8247.3244	-7.2039836E-4	-0.102914051428571
8747.142	-7.7863703E-4	-0.111233861428571
9246.8776	-8.1624019E-4	-0.116605741428571
