    Hirshfeld analysis
     Atom       Zion       Electron  Charge       Net charge 
 
        1     1.400000E+01    -1.398690E+01     1.310468E-02
        2     1.400000E+01    -1.410812E+01    -1.081177E-01
        3     1.400000E+01    -1.407899E+01    -7.898671E-02
        4     1.400000E+01    -1.407018E+01    -7.018467E-02
        5     1.400000E+01    -1.397986E+01     2.014261E-02
        6     1.400000E+01    -1.409141E+01    -9.140671E-02
        7     1.400000E+01    -1.406926E+01    -6.926360E-02
        8     1.400000E+01    -1.406216E+01    -6.215794E-02
        9     1.400000E+01    -1.406131E+01    -6.131116E-02
       10     1.400000E+01    -1.410764E+01    -1.076373E-01
       11     1.400000E+01    -1.406975E+01    -6.974684E-02
       12     1.400000E+01    -1.404943E+01    -4.943160E-02
       13     1.400000E+01    -1.406344E+01    -6.344055E-02
       14     1.400000E+01    -1.411571E+01    -1.157054E-01
       15     1.400000E+01    -1.407828E+01    -7.828210E-02
       16     1.400000E+01    -1.406448E+01    -6.448143E-02
       17     1.400000E+01    -1.400885E+01    -8.846434E-03
       18     1.400000E+01    -1.406639E+01    -6.639431E-02
       19     1.400000E+01    -1.407261E+01    -7.261154E-02
       20     1.400000E+01    -1.408624E+01    -8.623908E-02
       21     1.400000E+01    -1.405947E+01    -5.947118E-02
       22     1.400000E+01    -1.406905E+01    -6.905361E-02
       23     1.400000E+01    -1.408167E+01    -8.167407E-02
       24     1.400000E+01    -1.402367E+01    -2.367131E-02
       25     1.400000E+01    -1.406696E+01    -6.696022E-02
       26     1.400000E+01    -1.407013E+01    -7.012989E-02
       27     1.400000E+01    -1.407462E+01    -7.462372E-02 W27
       28     1.400000E+01    -1.403260E+01    -3.260486E-02 W28
       29     1.400000E+01    -1.403652E+01    -3.652193E-02
       30     1.400000E+01    -1.407012E+01    -7.012000E-02
       31     1.400000E+01    -1.407466E+01    -7.465771E-02
       32     1.400000E+01    -1.410331E+01    -1.033127E-01 W32
       33     1.600000E+01    -1.593737E+01     6.262777E-02
       34     1.600000E+01    -1.595757E+01     4.243291E-02
       35     1.600000E+01    -1.593639E+01     6.361124E-02
       36     1.600000E+01    -1.595551E+01     4.449461E-02
       37     1.600000E+01    -1.594216E+01     5.784397E-02
       38     1.600000E+01    -1.596296E+01     3.704144E-02
       39     1.600000E+01    -1.594457E+01     5.542589E-02 Se7
       40     1.600000E+01    -1.594452E+01     5.548446E-02
       41     1.600000E+01    -1.595877E+01     4.122730E-02
       42     1.600000E+01    -1.592849E+01     7.151321E-02
       43     1.600000E+01    -1.594764E+01     5.236264E-02
       44     1.600000E+01    -1.592731E+01     7.268574E-02
       45     1.600000E+01    -1.595208E+01     4.792049E-02
       46     1.600000E+01    -1.594914E+01     5.085746E-02
       47     1.600000E+01    -1.595091E+01     4.909006E-02
       48     1.600000E+01    -1.596775E+01     3.225067E-02
       49     1.600000E+01    -1.593717E+01     6.283398E-02
       50     1.600000E+01    -1.594597E+01     5.402736E-02
       51     1.600000E+01    -1.595320E+01     4.679648E-02
       52     1.600000E+01    -1.593654E+01     6.345859E-02
       53     1.600000E+01    -1.593965E+01     6.034889E-02
       54     1.600000E+01    -1.595604E+01     4.395658E-02
       55     1.600000E+01    -1.593778E+01     6.221993E-02
       56     1.600000E+01    -1.595887E+01     4.113260E-02
       57     1.600000E+01    -1.594290E+01     5.709845E-02
       58     1.600000E+01    -1.596733E+01     3.267377E-02
       59     1.600000E+01    -1.593602E+01     6.397761E-02
       60     1.600000E+01    -1.595695E+01     4.304974E-02
       61     1.600000E+01    -1.594213E+01     5.787114E-02
       62     1.600000E+01    -1.594844E+01     5.155538E-02
       63     1.600000E+01    -1.592814E+01     7.185642E-02
       64     1.600000E+01    -1.595257E+01     4.742843E-02
       65     1.600000E+01    -1.594879E+01     5.121119E-02
       66     1.600000E+01    -1.595125E+01     4.875214E-02
       67     1.600000E+01    -1.596957E+01     3.042631E-02
       68     1.600000E+01    -1.593266E+01     6.734307E-02
       69     1.600000E+01    -1.594695E+01     5.305482E-02
       70     1.600000E+01    -1.595438E+01     4.561933E-02
       71     1.600000E+01    -1.593902E+01     6.098372E-02
 
    Total     1.072000E+03    -1.071999E+03     7.467623E-04

