     Hirshfeld analysis
     Atom       Zion       Electron  Charge       Net charge 
 
        1     1.400000E+01    -1.400024E+01    -2.380185E-04  
        2     1.400000E+01    -1.408094E+01    -8.094463E-02
        3     1.400000E+01    -1.405666E+01    -5.665885E-02
        4     1.400000E+01    -1.407363E+01    -7.363214E-02
        5     1.400000E+01    -1.399080E+01     9.198111E-03 
        6     1.400000E+01    -1.406475E+01    -6.475401E-02
        7     1.400000E+01    -1.404455E+01    -4.454638E-02
        8     1.400000E+01    -1.404487E+01    -4.487482E-02
        9     1.400000E+01    -1.404903E+01    -4.903493E-02
       10     1.400000E+01    -1.408264E+01    -8.264070E-02
       11     1.400000E+01    -1.404538E+01    -4.538262E-02
       12     1.400000E+01    -1.403005E+01    -3.004665E-02
       13     1.400000E+01    -1.405250E+01    -5.250256E-02
       14     1.400000E+01    -1.408356E+01    -8.356491E-02
       15     1.400000E+01    -1.405668E+01    -5.668023E-02
       16     1.400000E+01    -1.405015E+01    -5.015336E-02
       17     1.400000E+01    -1.400348E+01    -3.476530E-03
       18     1.400000E+01    -1.404579E+01    -4.579075E-02
       19     1.400000E+01    -1.405448E+01    -5.448335E-02
       20     1.400000E+01    -1.408224E+01    -8.224255E-02
       21     1.400000E+01    -1.405401E+01    -5.401491E-02
       22     1.400000E+01    -1.405484E+01    -5.483927E-02
       23     1.400000E+01    -1.406731E+01    -6.731414E-02
       24     1.400000E+01    -1.403676E+01    -3.676183E-02  
       25     1.400000E+01    -1.405918E+01    -5.918126E-02
       26     1.400000E+01    -1.405309E+01    -5.309280E-02
       27     1.400000E+01    -1.405301E+01    -5.300690E-02  W27 
       28     1.400000E+01    -1.402525E+01    -2.525056E-02  W28 
       29     1.400000E+01    -1.403063E+01    -3.062609E-02                                     
       30     1.400000E+01    -1.404808E+01    -4.807655E-02                                     
       31     1.400000E+01    -1.404104E+01    -4.104407E-02                                     
       32     1.400000E+01    -1.409368E+01    -9.367658E-02  W32 
       33     1.600000E+01    -1.595234E+01     4.765713E-02                                     
       34     1.600000E+01    -1.597622E+01     2.377922E-02                                     
       35     1.600000E+01    -1.595743E+01     4.257349E-02                                     
       36     1.600000E+01    -1.591058E+01     8.941936E-02                                     
       37     1.600000E+01    -1.595935E+01     4.065413E-02                                     
       38     1.600000E+01    -1.593234E+01     6.765817E-02                                     
       39     1.600000E+01    -1.596693E+01     3.307404E-02  Se5
       40     1.600000E+01    -1.595901E+01     4.098830E-02
       41     1.600000E+01    -1.598720E+01     1.280177E-02
       42     1.600000E+01    -1.595514E+01     4.485518E-02
       43     1.600000E+01    -1.595796E+01     4.203857E-02
       44     1.600000E+01    -1.595408E+01     4.592120E-02
       45     1.600000E+01    -1.596448E+01     3.551520E-02
       46     1.600000E+01    -1.595964E+01     4.035718E-02
       47     1.600000E+01    -1.596134E+01     3.866414E-02
       48     1.600000E+01    -1.597706E+01     2.293705E-02
       49     1.600000E+01    -1.595196E+01     4.804375E-02
       50     1.600000E+01    -1.595497E+01     4.503081E-02
       51     1.600000E+01    -1.597113E+01     2.886770E-02
       52     1.600000E+01    -1.595291E+01     4.709224E-02
       53     1.600000E+01    -1.594931E+01     5.069080E-02
       54     1.600000E+01    -1.596717E+01     3.283112E-02
       55     1.600000E+01    -1.595053E+01     4.946917E-02
       56     1.600000E+01    -1.597777E+01     2.222810E-02
       57     1.600000E+01    -1.595330E+01     4.670156E-02
       58     1.600000E+01    -1.598466E+01     1.533868E-02
       59     1.600000E+01    -1.594648E+01     5.351671E-02
       60     1.600000E+01    -1.596947E+01     3.053367E-02
       61     1.600000E+01    -1.596154E+01     3.846184E-02
       62     1.600000E+01    -1.597035E+01     2.964686E-02
       63     1.600000E+01    -1.587178E+01     1.282165E-01
       64     1.600000E+01    -1.597452E+01     2.548039E-02
       65     1.600000E+01    -1.597130E+01     2.870053E-02
       66     1.600000E+01    -1.597435E+01     2.565099E-02
       67     1.600000E+01    -1.599478E+01     5.220887E-03
       68     1.600000E+01    -1.595583E+01     4.417241E-02
       69     1.600000E+01    -1.597091E+01     2.909325E-02
       70     1.600000E+01    -1.592216E+01     7.784019E-02
       71     1.600000E+01    -1.596157E+01     3.842734E-02
 
    Total     1.072000E+03    -1.071999E+03     8.147643E-04

