     Hirshfeld analysis
     Atom       Zion       Electron  Charge       Net charge 
 
        1     1.400000E+01    -1.399730E+01     2.699788E-03
        2     1.400000E+01    -1.408107E+01    -8.107238E-02
        3     1.400000E+01    -1.405599E+01    -5.599124E-02
        4     1.400000E+01    -1.408186E+01    -8.185737E-02
        5     1.400000E+01    -1.398697E+01     1.303198E-02
        6     1.400000E+01    -1.406487E+01    -6.486765E-02
        7     1.400000E+01    -1.403989E+01    -3.988811E-02
        8     1.400000E+01    -1.404105E+01    -4.104663E-02
        9     1.400000E+01    -1.405313E+01    -5.313358E-02
       10     1.400000E+01    -1.408339E+01    -8.339068E-02
       11     1.400000E+01    -1.403857E+01    -3.857301E-02
       12     1.400000E+01    -1.402751E+01    -2.750915E-02
       13     1.400000E+01    -1.405528E+01    -5.528384E-02
       14     1.400000E+01    -1.408406E+01    -8.405533E-02
       15     1.400000E+01    -1.405760E+01    -5.760196E-02
       16     1.400000E+01    -1.404778E+01    -4.778111E-02
       17     1.400000E+01    -1.400121E+01    -1.209417E-03
       18     1.400000E+01    -1.404483E+01    -4.483462E-02
       19     1.400000E+01    -1.405522E+01    -5.521868E-02
       20     1.400000E+01    -1.408835E+01    -8.835382E-02
       21     1.400000E+01    -1.405541E+01    -5.540752E-02
       22     1.400000E+01    -1.405182E+01    -5.181781E-02
       23     1.400000E+01    -1.406979E+01    -6.979274E-02
       24     1.400000E+01    -1.403076E+01    -3.075758E-02
       25     1.400000E+01    -1.405974E+01    -5.973848E-02
       26     1.400000E+01    -1.405307E+01    -5.307246E-02
       27     1.400000E+01    -1.405858E+01    -5.857952E-02 W27
       28     1.400000E+01    -1.402799E+01    -2.799156E-02 W28
       29     1.400000E+01    -1.403033E+01    -3.033182E-02
       30     1.400000E+01    -1.404627E+01    -4.626806E-02
       31     1.400000E+01    -1.403490E+01    -3.489632E-02
       32     1.400000E+01    -1.409622E+01    -9.622217E-02 W32
       33     1.600000E+01    -1.595551E+01     4.448938E-02
       34     1.600000E+01    -1.597918E+01     2.081765E-02
       35     1.600000E+01    -1.596276E+01     3.723885E-02
       36     1.600000E+01    -1.590745E+01     9.255242E-02
       37     1.600000E+01    -1.596519E+01     3.481365E-02
       38     1.600000E+01    -1.592578E+01     7.422447E-02
       39     1.600000E+01    -1.595506E+01     4.494426E-02 Se5
       40     1.600000E+01    -1.595041E+01     4.958782E-02
       41     1.600000E+01    -1.598667E+01     1.333285E-02
       42     1.600000E+01    -1.597780E+01     2.220311E-02
       43     1.600000E+01    -1.595685E+01     4.315306E-02
       44     1.600000E+01    -1.595779E+01     4.220523E-02
       45     1.600000E+01    -1.596655E+01     3.344751E-02
       46     1.600000E+01    -1.595987E+01     4.012667E-02
       47     1.600000E+01    -1.596266E+01     3.734402E-02
       48     1.600000E+01    -1.598095E+01     1.905142E-02
       49     1.600000E+01    -1.595146E+01     4.854032E-02
       50     1.600000E+01    -1.595427E+01     4.573223E-02
       51     1.600000E+01    -1.597089E+01     2.910686E-02
       52     1.600000E+01    -1.596049E+01     3.951123E-02
       53     1.600000E+01    -1.594633E+01     5.366786E-02
       54     1.600000E+01    -1.596758E+01     3.241704E-02
       55     1.600000E+01    -1.595101E+01     4.898836E-02
       56     1.600000E+01    -1.597589E+01     2.410779E-02
       57     1.600000E+01    -1.595519E+01     4.481409E-02
       58     1.600000E+01    -1.598155E+01     1.845228E-02
       59     1.600000E+01    -1.595628E+01     4.372305E-02
       60     1.600000E+01    -1.597354E+01     2.646341E-02
       61     1.600000E+01    -1.593793E+01     6.207385E-02
       62     1.600000E+01    -1.596868E+01     3.132117E-02
       63     1.600000E+01    -1.586254E+01     1.374582E-01
       64     1.600000E+01    -1.597552E+01     2.448138E-02
       65     1.600000E+01    -1.597466E+01     2.533787E-02
       66     1.600000E+01    -1.597526E+01     2.474376E-02
       67     1.600000E+01    -1.599484E+01     5.155137E-03
       68     1.600000E+01    -1.596391E+01     3.609164E-02
       69     1.600000E+01    -1.596791E+01     3.209044E-02
       70     1.600000E+01    -1.592052E+01     7.947580E-02
       71     1.600000E+01    -1.596164E+01     3.836175E-02
 
    Total     1.072000E+03    -1.071999E+03     8.349944E-04

