H	M	M_over_mass	M_over_mass_smoothed
Oe	emu	emu/g	emu/g
 x=0%, d =12% - short after synthesis	 x=0%, d =12% - short after synthesis	 x=0%, d =12% - short after synthesis	 x=0%, d =12% - short after synthesis
1976.3748	4.7452082E-6	5.16792632158791E-4	5.23344916295707E-4
1925.7173	4.9227429E-6	5.32365851457037E-4	5.25660067185168E-4
1875.0595	4.9112926E-6	5.31361439176335E-4	5.27426377809631E-4
1824.4196	4.8755663E-6	5.28227553211422E-4	5.28643848169096E-4
1773.5588	4.8946556E-6	5.29902053211423E-4	5.29312478263564E-4
1722.6216	4.7797572E-6	5.19823246193879E-4	5.29432268093032E-4
1671.9881	4.9191821E-6	5.32053500579844E-4	5.29123845752215E-4
1621.3355	5.0024013E-6	5.39353430404405E-4	5.28677573556574E-4
1570.7033	4.7072642E-6	5.13464211106159E-4	5.23561690045349E-4
1520.0657	4.8435416E-6	5.25418369000896E-4	5.14232550062525E-4
1469.4236	4.8365657E-6	5.24806447948265E-4	5.18886766682162E-4
1418.7918	4.560899E-6	5.0062515847458E-4	5.14800576153393E-4
1368.1518	4.4533167E-6	4.91188114614931E-4	5.11679263226554E-4
1317.5187	4.72093E-6	5.14662965492124E-4	5.15697567463253E-4
1266.8804	5.3094218E-6	5.66285053211423E-4	5.12782529451557E-4
1216.2447	4.2884528E-6	4.76726369000896E-4	5.09313206893997E-4
1165.6017	4.6535561E-6	5.08752974264054E-4	5.09025104411684E-4
1114.965	4.7603826E-6	5.18123719878089E-4	5.10523330682489E-4
1064.3335	4.3066236E-6	4.78320298825457E-4	4.99137236113316E-4
1013.6945	4.4354446E-6	4.89620386544756E-4	4.85225956822431E-4
963.05661	4.609602E-6	5.04897351457036E-4	4.8207338110575E-4
912.42233	4.4534372E-6	4.9119868479037E-4	4.6770174265648E-4
861.48956	3.6647596E-6	4.22016439176335E-4	4.6460563929493E-4
810.64088	3.9168158E-6	4.44126632158791E-4	4.64832670845251E-4
760.00851	4.0797465E-6	4.58418798825458E-4	4.48901192212772E-4
709.37328	4.0850526E-6	4.58884246193879E-4	4.39479240529952E-4
658.73382	4.2549728E-6	4.73789526895633E-4	4.41588515813148E-4
608.10071	3.5817712E-6	4.14736754965808E-4	4.37930821133559E-4
557.46428	3.1630491E-6	3.78006746193879E-4	4.32093253595833E-4
506.83157	3.9410695E-6	4.4625414970265E-4	4.14313090200749E-4
456.19244	3.709212E-6	4.25915772509668E-4	4.01195944083708E-4
405.55983	2.9540713E-6	3.59675360228966E-4	3.82183651403873E-4
354.92601	3.2861658E-6	3.88806456720194E-4	3.51466987047762E-4
304.28453	2.1251249E-6	2.86960763737738E-4	3.1478791008379E-4
253.65708	2.3700334E-6	3.08443965492124E-4	2.73638838661061E-4
202.74615	1.3226933E-6	2.16572026895633E-4	2.46470515117119E-4
151.87936	7.2590688E-7	1.64222340930721E-4	2.28980284037088E-4
101.23391	1.3638571E-6	2.20182886544756E-4	1.82054354508605E-4
50.600864	1.1278718E-6	1.99482421632475E-4	1.64230670255139E-4
-0.036918599	6.250123E-7	1.55371939176335E-4	1.31791164249741E-4
-50.676753	-6.2243116E-8	9.50863763693173E-5	1.12729176389356E-4
-101.3165	-1.4670297E-6	-2.81405169640161E-5	6.13507276734517E-5
-151.95454	5.6465022E-8	1.05499370930721E-4	-2.77361655056018E-7
-202.59293	-1.6453661E-6	-4.37840608236652E-5	-3.82232452705633E-5
-253.22777	-1.9051955E-6	-6.65761134552441E-5	-6.86286744755688E-5
-303.86262	-3.4652331E-6	-2.03421516964016E-4	-1.1243687098111E-4
-354.49851	-2.4725786E-6	-1.16346560823665E-4	-1.48509598038322E-4
-405.12833	-2.3681073E-6	-1.07182411700858E-4	-1.92134935275062E-4
-455.76483	-3.6448372E-6	-2.19176262578051E-4	-1.82093110633504E-4
-506.40194	-4.5224344E-6	-2.96158473104367E-4	-2.02139566773855E-4
-557.03048	-3.3612707E-6	-1.94302008192086E-4	-2.31859226611094E-4
-607.66937	-3.424805E-6	-1.99875192402613E-4	-2.61389466827019E-4
-658.30652	-3.4382079E-6	-2.01050885385069E-4	-2.77449014735251E-4
-708.93532	-5.9854013E-6	-4.24488902928928E-4	-2.88874782452913E-4
-759.56797	-5.1930127E-6	-3.54981130999104E-4	-3.13480120550488E-4
-810.20807	-3.9329211E-6	-2.44446780121911E-4	-3.42052600696073E-4
-860.84599	-5.2078688E-6	-3.56284297665771E-4	-3.61722553258131E-4
-911.47606	-5.6816011E-6	-3.97839762578051E-4	-3.65953632655342E-4
-962.11715	-5.5157757E-6	-3.83293674858753E-4	-3.52578929674113E-4
-1012.751	-5.1340707E-6	-3.49810780121911E-4	-3.75355291817817E-4
-1063.383	-5.9486785E-6	-4.21267604683314E-4	-4.1404744723842E-4
-1114.0139	-5.5472307E-6	-3.86052885385069E-4	-4.28046168479168E-4
-1164.6486	-6.1349756E-6	-4.37609455560507E-4	-4.52752333469148E-4
-1215.2798	-7.1325588E-6	-5.25116753806121E-4	-5.0302978991621E-4
-1265.9246	-7.7504871E-6	-5.79320990648226E-4	-5.34378501689817E-4
-1316.5562	-7.0209569E-6	-5.15327113455244E-4	-5.56090135211266E-4
-1367.1922	-7.793025E-6	-5.83052385385069E-4	-5.83657036184561E-4
-1417.8277	-8.3460573E-6	-6.31563990648227E-4	-5.65831318133607E-4
-1468.4607	-6.7755696E-6	-4.93801911700858E-4	-5.40724303207013E-4
-1519.0985	-7.6542734E-6	-5.70881192402612E-4	-5.37436430573798E-4
-1569.7334	-7.2201013E-6	-5.32795920472788E-4	-5.45855975517159E-4
-1620.3667	-5.8793751E-6	-4.15188359069279E-4	-5.24240333060201E-4
-1671.0043	-7.6422149E-6	-5.69823429244718E-4	-5.26077061477982E-4
-1721.6358	-8.2260553E-6	-6.21037499420156E-4	-5.20635929633218E-4
-1772.2719	-7.1016477E-6	-5.22405253806121E-4	-5.15974522464364E-4
-1822.9056	-6.2060616E-6	-4.43845069595595E-4	-5.28926804004461E-4
-1873.5419	-7.5799404E-6	-5.64360753806121E-4	-5.41965612596454E-4
-1924.1773	-6.3123895E-6	-4.53172078367525E-4	-5.37217124108334E-4
-1974.8207	-8.3201667E-6	-6.29292885385069E-4	-5.43977364528732E-4
-1976.8172	-7.785074E-6	-5.82354929244718E-4	-5.67272212297922E-4
-1926.5874	-7.6568223E-6	-5.71104780121911E-4	-5.78636540028671E-4
-1876.2813	-7.736793E-6	-5.78119753806121E-4	-5.63878714526687E-4
-1826.2693	-7.2686889E-6	-5.37057990648227E-4	-5.64186266115449E-4
-1776.2609	-7.5164336E-6	-5.58789981876297E-4	-5.48478792308554E-4
-1726.2583	-7.2078298E-6	-5.31719473104367E-4	-5.45919476437291E-4
-1676.2499	-7.151483E-6	-5.26776771349981E-4	-5.47891218616165E-4
-1626.2425	-7.783706E-6	-5.82234929244718E-4	-5.54662151017097E-4
-1576.2338	-7.7167111E-6	-5.76358183630683E-4	-5.61068398900793E-4
-1526.2328	-7.1536779E-6	-5.269693064377E-4	-5.63922832917069E-4
-1476.2244	-7.8777109E-6	-5.90480973104367E-4	-5.65825134209344E-4
-1426.2216	-7.6410702E-6	-5.69723016964016E-4	-5.60734926627452E-4
-1376.2316	-7.2573713E-6	-5.36065218718402E-4	-5.49877704568809E-4
-1326.2244	-7.4303366E-6	-5.51237613455244E-4	-5.42354754071937E-4
-1276.2204	-7.1224189E-6	-5.24227288893841E-4	-5.37833675615306E-4
-1226.22	-7.1258829E-6	-5.24531148542963E-4	-5.19239198230118E-4
-1176.2131	-7.035884E-6	-5.16636508192086E-4	-5.13287711111973E-4
-1126.2115	-6.8558377E-6	-5.00842973104367E-4	-5.00696638728217E-4
-1076.2136	-6.9009007E-6	-5.04795867841209E-4	-4.98339732929337E-4
-1026.2033	-6.5036189E-6	-4.69946587139455E-4	-4.97508284763468E-4
-976.2058	-6.7997965E-6	-4.95927078367525E-4	-4.86390092476223E-4
-926.1134	-6.4105743E-6	-4.61784780121911E-4	-4.7576675687323E-4
-875.70401	-7.1315748E-6	-5.25030438016648E-4	-4.63702210232736E-4
-825.70494	-6.0700663E-6	-4.31915657314893E-4	-4.50274438977675E-4
-775.70794	-5.7206105E-6	-4.01261639771034E-4	-4.32837252885989E-4
-725.69677	-5.9655626E-6	-4.22748666086823E-4	-4.16251017393411E-4
-675.69177	-5.7580895E-6	-4.04549271349981E-4	-4.01926975578501E-4
-625.69209	-5.6456398E-6	-3.94685262578051E-4	-3.93547526615184E-4
-575.69417	-5.3718583E-6	-3.7066934152542E-4	-3.93195172670882E-4
-525.68656	-5.7454565E-6	-4.03441113455244E-4	-3.80160675737991E-4
-475.6893	-5.3012027E-6	-3.64471481876297E-4	-3.58528846882635E-4
-425.53742	-5.4664679E-6	-3.78968429244718E-4	-3.4729710644179E-4
-375.18032	-4.4742919E-6	-2.91935446788578E-4	-3.34117267015135E-4
-325.19146	-4.432991E-6	-2.88312560823665E-4	-3.15553554341843E-4
-275.18548	-4.48729E-6	-2.93075630999104E-4	-2.89486588407193E-4
-225.1821	-4.6874462E-6	-3.10633192402613E-4	-2.70410485577274E-4
-175.17393	-3.8682274E-6	-2.38771894156998E-4	-2.30398846351003E-4
-125.17942	-3.2881207E-6	-1.8788534152542E-4	-1.94471273803668E-4
-75.177898	-2.8978175E-6	-1.53648218718402E-4	-1.52966632643074E-4
-25.036869	-2.3828104E-6	-1.08472157314893E-4	-1.07033821589215E-4
25.338377	-1.160407E-6	-1.24378889384064E-6	-6.16020724909453E-5
75.340299	-1.641296E-6	-4.34270345078757E-5	-1.44489433759083E-5
125.34531	-1.3366117E-6	-1.67003415254196E-5	2.82687046222924E-5
175.34979	-3.5281936E-7	6.9597232158791E-5	6.71929442452425E-5
225.35266	2.5743696E-7	1.23128488299142E-4	1.06356662909619E-4
275.35799	9.8821211E-7	1.87231571632475E-4	1.40322195993494E-4
325.36013	5.6090635E-7	1.49748610228966E-4	1.9236836423461E-4
375.35615	1.1302655E-6	1.99692395316686E-4	2.104953490422E-4
425.3585	1.7409451E-6	2.53260781281598E-4	2.21084796063015E-4
475.35955	1.74627E-6	2.53727877772826E-4	2.53151823429801E-4
525.35623	2.1199329E-6	2.86505325141247E-4	2.78247537914731E-4
575.3581	1.2262369E-6	2.08110939176335E-4	2.96371323055613E-4
625.35811	2.9304068E-6	3.57599526895633E-4	3.13836347878744E-4
675.3589	3.6353688E-6	4.19438298825458E-4	3.43947000334475E-4
725.36427	2.2766707E-6	3.00254254965809E-4	3.47529225726042E-4
775.36313	2.5353521E-6	3.22945605843001E-4	3.53123630257184E-4
825.35428	3.7935516E-6	4.33313983035984E-4	3.8056154030912E-4
875.37045	3.5261862E-6	4.09860877772826E-4	3.91911642321143E-4
925.35924	2.0857751E-6	2.83509026895633E-4	4.18904699451148E-4
975.36243	4.4754151E-6	4.93126570755282E-4	4.71729549714919E-4
1025.3648	5.2818582E-6	5.638671935623E-4	4.82235194114379E-4
1075.3633	4.5833855E-6	5.0259765847458E-4	4.85924107192529E-4
1125.3633	4.6537505E-6	5.08770026895633E-4	5.21272653608102E-4
1175.7506	4.7703651E-6	5.18999377772826E-4	5.04630165651614E-4
1225.8702	3.2477051E-6	3.85432711106159E-4	4.62818492973415E-4
1275.8643	4.6253077E-6	5.06275044439493E-4	4.38868541965359E-4
1325.8599	4.6447578E-6	5.079811935623E-4	4.24773957190484E-4
1375.8724	1.8027305E-6	2.58680553211422E-4	4.3597306701341E-4
1425.8673	4.6016263E-6	5.04197728650019E-4	4.60259782487994E-4
1475.8668	4.3604575E-6	4.83042570755282E-4	5.09201847776507E-4
1525.8695	4.7541215E-6	5.17574500579844E-4	5.30369779952518E-4
1575.8659	6.4083305E-6	6.62680553211422E-4	5.62024869062238E-4
1625.8652	5.6075705E-6	5.92438447948265E-4	5.95030884520464E-4
1675.8647	5.8334683E-6	6.12254044439493E-4	5.82464565786567E-4
1725.8633	4.7297211E-6	5.15434114614931E-4	5.89752291607529E-4
1775.8591	5.107968E-6	5.4861366724651E-4	5.87985560032672E-4
1825.866	5.3544894E-6	5.70238351457036E-4	5.8087479289981E-4
1875.8733	5.6878101E-6	5.99477009351773E-4	5.68419990208943E-4
1925.859	5.4116954E-6	5.75256421632475E-4	5.50621151960043E-4
1975.8593	4.7400889E-6	5.16343570755282E-4	5.27478278153151E-4
