H	M	M_over_mass	M_without_diamagnetism	M/Ms
Oe	emu	emu/g	emu/g	-
x=15%, d =21% - short after synthesis	x=15%, d =21% - short after synthesis	x=15%, d =21% - short after synthesis	x=15%, d =21% - short after synthesis	x=15%, d =21% - short after synthesis
1974.5458	-4.4684153E-5	-0.00369290520661157	0.00229219206960606	0.976364323856331
1923.8502	-4.281468E-5	-0.00353840330578512	0.00228196652601428	0.966259560646773
1873.1868	-4.0507318E-5	-0.00334771223140496	0.00230803478485349	0.959363143129831
1822.5463	-3.9600228E-5	-0.00327274611570248	0.00221845249499295	0.955675071305506
1771.8975	-3.4380464E-5	-0.00284136066115702	0.00248526257442006	0.955195345173797
1721.2604	-3.6533306E-5	-0.00301928148760331	0.0021428043901804	0.957923964734704
1670.6053	-3.2690228E-5	-0.00270167173553719	0.00229581829626088	0.971851972890591
1619.9604	-2.9459333E-5	-0.00243465561983471	0.00239827170928667	0.979932296148112
1569.3197	-2.9156772E-5	-0.0024096505785124	0.00225872769517715	0.98247709147059
1518.6779	-2.5462759E-5	-0.00210436024793388	0.00239946539604542	0.975462346602684
1468.0402	-2.2464765E-5	-0.00185659214876033	0.00248269418781919	0.970515480691435
1417.4049	-2.068677E-5	-0.00170965041322314	0.00246510441438223	0.964962239077675
1366.7656	-2.5307016E-5	-0.00209148892561984	0.00191872139563533	0.961192567128874
1316.1318	-1.6122215E-5	-0.00133241446280992	0.00251326922348712	0.961759183557418
1265.4835	-1.8420105E-5	-0.00152232272727273	0.00215878720857797	0.967811420349017
1214.39	-1.1396853E-5	-9.41888677685951E-4	0.00257320089976318	0.99117628128142
1163.709	-1.0131486E-5	-8.37312892561984E-4	0.00251309668089154	1.02546915001475
1113.0712	-9.6333568E-6	-7.96145190082645E-4	0.00238972475103669	1.04238684432558
1062.4326	-3.2965541E-6	-2.72442487603306E-4	0.00274888522170663	1.04022793025914
1011.7949	-2.9837154E-6	-2.46588049586777E-4	0.00261020035232338	1.02947335485609
961.16211	-2.1948155E-6	-1.81389710743802E-4	0.00251087533804568	1.03187698171907
910.51189	-2.8732018E-6	-2.37454694214876E-4	0.00229023036538776	1.03198368385981
859.88691	1.5672437E-6	1.29524272727273E-4	0.00249271135658598	1.01693219406516
809.24671	4.0130181E-6	3.31654388429752E-4	0.00253029404152864	1.00494365875752
758.61417	8.4080563E-6	6.94880685950413E-4	0.00272899779826463	0.994188288951511
707.98428	6.33685E-6	5.23706611570248E-4	0.00239330979386144	0.990902060812535
657.34664	6.013095E-6	4.9695E-4	0.00220201406985204	0.981452986356442
606.7109	1.0628201E-5	8.78363719008265E-4	0.00241889485017479	0.970768159873052
556.0788	1.4792002E-5	0.00122247950413223	0.00259848952422545	0.959202620946751
505.43248	9.2912732E-6	7.67873818181818E-4	0.00197931652152985	0.970940772933825
454.80285	2.1528442E-5	0.00177921008264463	0.00282613970079907	0.987820868286688
404.16694	1.8775345E-5	0.00155168140495868	0.00243407753203912	0.991908655147831
353.53501	1.8526008E-5	0.00153107504132231	0.00224895060971794	0.99492479082941
302.89337	2.8211078E-5	0.00233149404958678	0.0028848175081672	1.01976069591474
252.25611	2.1752854E-5	0.00179775652892562	0.00218654210981762	0.993875302750066
201.61745	2.2992913E-5	0.00190024074380165	0.00212448389792362	0.908227122413101
150.98771	3.2401997E-5	0.00267785099173554	0.00273758070323607	0.806486951216838
100.36388	2.3674769E-5	0.00195659247933884	0.00185182795184107	0.715751229048692
49.70045	1.803994E-5	0.00149090413223141	0.00122151669171236	0.636972982427406
-0.93238061	1.1837547E-5	9.78309669421488E-4	5.44398743825906E-4	0.554241426429903
-51.570864	2.2427879E-5	0.00185354371900826	0.00125509094050929	0.438840105939913
-102.2077	2.719912E-5	0.00224786115702479	0.00148487187855926	0.273778868451601
-152.84926	1.3929858E-5	0.0011512279338843	2.23686805551087E-4	0.11540746176632
-203.48119	1.5587139E-5	0.00128819330578512	1.96131618767092E-4	-0.0422913011939685
-254.1292	1.980444E-6	1.6367305785124E-4	-0.00109296143730337	-0.237155616673282
-304.75705	-4.000169E-6	-3.30592479338843E-4	-0.00175173427585469	-0.429522934335342
-355.39796	2.6333442E-6	2.17631752066116E-4	-0.00136805978224381	-0.565085295587726
-406.01983	4.34382E-6	3.58993388429752E-4	-0.0013911860161642	-0.648561571345462
-456.66861	-1.9052168E-6	-1.57455933884298E-4	-0.00207221064860972	-0.673112899568071
-507.41448	9.8902574E-6	8.17376644628099E-4	-0.00126226885903915	-0.640693036587839
-558.43789	5.8914732E-6	4.86898611570248E-4	-0.00175853950397659	-0.599092441470972
-609.06746	4.1196826E-6	3.40469636363636E-4	-0.00206948136941615	-0.575183231986262
-659.70634	1.7567906E-5	0.00145189305785124	-0.00112260108955427	-0.559519722232408
-710.3494	1.9386659E-5	0.0016022032231405	-0.00113684764814872	-0.561201890922265
-760.98063	1.8601151E-5	0.00153728520661157	-0.00136628394882166	-0.573554263523186
-811.60533	1.5546813E-5	0.0012848605785124	-0.00178320564284843	-0.591118040280032
-862.24306	1.8883824E-5	0.00156064661157025	-0.00167195901467068	-0.657611537289538
-912.88165	1.4703677E-5	0.00121517991735537	-0.00218196790820151	-0.741283299133248
-963.5072	2.2320122E-5	0.00184463818181818	-0.00171700947160871	-0.797123645079981
-1014.1485	2.0744817E-5	0.00171444768595041	-0.00201175097251472	-0.809045380689569
-1064.7843	1.6208794E-5	0.00133956975206612	-0.00255116204004517	-0.817332680042575
-1115.4213	2.2706412E-5	0.00187656297520661	-0.00217870584976365	-0.787908271551931
-1166.0483	3.5429972E-5	0.00292809685950413	-0.00129167650488496	-0.759268063879313
-1216.6888	2.2737628E-5	0.00187914280991736	-0.00250517896003476	-0.733792954178296
-1267.3198	3.6261223E-5	0.0029967952892562	-0.00155204401749081	-0.712006267701054
-1317.9624	3.8426102E-5	0.00317571090909091	-0.00153768362684155	-0.709178322277813
-1368.5868	3.5137134E-5	0.00290389537190083	-0.00197399525515603	-0.764472678095798
-1419.2331	3.4012048E-5	0.00281091305785124	-0.00223154482096393	-0.824842676916144
-1469.8589	3.7144695E-5	0.00306980950413223	-0.00213714901488895	-0.881703301622934
-1520.4889	3.5360582E-5	0.00292236214876033	-0.00244911065771172	-0.942796898255608
-1571.6137	3.5002408E-5	0.00289276099173554	-0.00264483387760573	-0.979449960112533
-1622.279	3.8074776E-5	0.00314667570247934	-0.00255554815615651	-0.959681874626502
-1672.898	4.3564264E-5	0.00360035239669422	-0.00226635000660835	-0.945039344885897
-1723.5348	4.3382739E-5	0.00358535033057851	-0.00244588845571423	-0.954146570205333
-1774.166	4.6468761E-5	0.00384039347107438	-0.00235536350188205	-0.959934009473589
-1824.8027	5.5402238E-5	0.0045786973553719	-0.0017815956756403	-0.961465479832675
-1875.4369	4.2111238E-5	0.00348026760330579	-0.00304455336240215	-0.982978670423753
-1926.069	4.6345611E-5	0.00383021578512397	-0.00285912629165727	-1.00012939904544
-1976.66	5.6474768E-5	0.00466733619834711	-0.00218639344146844	-1.01171774827872
-1976.3749	5.1326987E-5	0.00424189975206612	-0.00261090349977092	-1.01753304209405
-1926.3225	5.1638908E-5	0.00426767834710744	-0.00242248743838146	-0.998571443300743
-1876.3028	4.9150931E-5	0.00406206041322314	-0.00246557415946689	-0.962475251990562
-1826.2867	4.7959722E-5	0.00396361338842975	-0.00240150166909987	-0.949346867016177
-1776.2685	4.5306598E-5	0.00374434694214876	-0.00245824177659802	-0.960512989074857
-1726.2582	4.4959851E-5	0.00371569016528926	-0.0023243978844924	-0.965506405311298
-1676.2607	4.1353303E-5	0.00341762834710744	-0.00246000062531247	-0.959744822794263
-1626.2613	4.0725222E-5	0.00336572082644628	-0.00234944289485826	-0.959680820164992
-1576.245	3.4624437E-5	0.00286152371900827	-0.00269111983726706	-0.958564928247483
-1526.2395	3.6607023E-5	0.00302537380165289	-0.00236478468250857	-0.965120393819848
-1476.2415	3.5297534E-5	0.00291715157024793	-0.00231054621187978	-0.965338083505757
-1426.2281	3.1047906E-5	0.0025659426446281	-0.00249924439556804	-0.959309658787622
-1376.2321	2.9840188E-5	0.00246613123966942	-0.002436601597181	-0.946488281604307
-1326.2305	2.6848608E-5	0.0022188932231405	-0.00252136721403772	-0.947351924698877
-1276.234	2.5704213E-5	0.00212431512396694	-0.00245348948519355	-0.958611402924654
-1226.2198	2.6415279E-5	0.00218308090909091	-0.0022322103586628	-0.976058074590727
-1176.2126	1.962794E-5	0.00162214380165289	-0.00263065687010213	-0.979473528258896
-1126.212	1.8436466E-5	0.00152367487603306	-0.00256665664539378	-0.970043365664729
-1076.2146	1.675334E-5	0.00138457355371901	-0.00254329921528048	-0.964726678587172
-1026.2058	1.3445498E-5	0.00111119818181818	-0.0026541787922322	-0.968029948386237
-976.20696	1.5482547E-5	0.00127954933884298	-0.00232336420372469	-0.966075002993048
-926.03532	1.4696053E-5	0.00121454983471074	-0.0022253387897285	-0.956629231930254
-875.70068	7.3447259E-6	6.07002140495868E-4	-0.00266933192274061	-0.956758103271124
-825.69704	5.8354666E-6	4.82269966942149E-4	-0.00263158506796034	-0.977688702601834
-775.6986	5.415532E-6	4.47564628099174E-4	-0.00250382827505819	-1.01175029086784
-725.68737	1.1355764E-6	9.38492892561983E-5	-0.00269503992304611	-1.03678559371059
-675.69039	-4.2850985E-7	-3.54140371900826E-5	-0.00266184586178953	-1.03842279413056
-625.68495	-5.6982075E-6	-4.70926239669421E-4	-0.00293487318711565	-1.02363852139667
-575.68725	-5.0904012E-6	-4.20694314049587E-4	-0.00272218153426527	-1.01212523807928
-525.6869	-3.2445895E-6	-2.68147892561983E-4	-0.00240716677478549	-1.01027864452185
-475.68783	-6.7015572E-6	-5.53847702479339E-4	-0.002530402405871	-1.01128198048666
-425.68882	-1.0398489E-5	-8.59379256198347E-4	-0.0026734699757188	-1.00494114934317
-375.68322	-1.1304618E-5	-9.34265950413223E-4	-0.00258587127288541	-0.999372749101783
-325.67505	-1.6242134E-5	-0.00134232512396694	-0.00283143669857676	-0.996015865381864
-275.68309	-1.6674687E-5	-0.00137807330578512	-0.00270474380439903	-0.984877403930225
-225.66742	-1.4252236E-5	-0.00117787074380165	-0.00234202312447308	-0.949928268090029
-175.67154	-1.6170552E-5	-0.00133640925619835	-0.00233810782344533	-0.894242385215093
-125.67194	-1.6630835E-5	-0.00137444917355372	-0.00221368183981653	-0.832082201389633
-75.671407	-1.5867607E-5	-0.00131137247933884	-0.00198813621297951	-0.758024961184042
-25.658739	-1.6456697E-5	-0.00136005760330579	-0.0018743129735347	-0.655169947114616
24.34082	-1.3433296E-5	-0.00111018975206612	-0.00146197935453396	-0.522040411591912
74.35599	-1.2130312E-5	-0.00100250512396694	-0.00119177823316431	-0.380587817658307
124.35166	-1.0716743E-5	-8.85681239669422E-4	-9.12501217804594E-4	-0.252643207326589
174.34398	2.8973557E-7	2.39450884297521E-5	1.59567356054328E-4	-0.124226829151021
224.36332	-2.6308518E-6	-2.17425768595041E-4	8.07265420645525E-5	-0.00967583358887172
274.35798	-7.8430686E-6	-6.48187487603306E-4	-1.87585327718969E-4	0.104721031353992
324.36447	-3.8568853E-6	-3.18750851239669E-4	3.043395976091E-4	0.212165837209113
374.37085	-3.0498391E-6	-2.52052818181818E-4	5.33525562203543E-4	0.294328869869794
424.36342	2.260479E-6	1.86816446280992E-4	0.0011348378847621	0.352487875843169
474.36612	-2.6096887E-6	-2.15676752066116E-4	8.94820660365616E-4	0.409758379597194
524.3682	3.810819E-6	3.14943719008264E-4	0.00158791509079733	0.488282517375386
574.37121	-4.9631983E-6	-4.1018167768595E-4	0.00102526667535037	0.540077194737511
624.36412	-7.9467205E-6	-6.56753760330578E-4	9.41138755578463E-4	0.5841652960032
674.36072	-1.2676475E-6	-1.04764256198347E-4	0.00165558441266282	0.640208497946634
724.37381	-2.6355884E-6	-2.17817223140496E-4	0.0017050411803556	0.690086845639784
774.37663	7.9855762E-7	6.59964975206612E-5	0.00215133126488866	0.723880120852403
824.37331	-1.0023129E-5	-8.28357768595041E-4	0.00141943341167261	0.749573812159634
874.36826	-6.6553159E-7	-5.50026107438016E-5	0.00235523936105836	0.759736500869031
924.36389	-1.3024243E-5	-0.00107638371900826	0.00149631125388233	0.727069004581942
974.36229	-1.8276973E-5	-0.00151049363636364	0.00122466333829831	0.683826988442534
1024.3747	-1.1736214E-5	-9.69935041322314E-4	0.00192772945842064	0.667016712648969
1074.3694	-1.7144565E-5	-0.00141690619834711	0.00164320828059434	0.643060954063746
1124.3599	-2.3771319E-5	-0.00196457181818182	0.00125797899271327	0.637682829095616
1174.3722	-2.1877137E-5	-0.00180802785123967	0.00157703012730858	0.66488007193163
1224.3794	-2.2065812E-5	-0.00182362082644628	0.00172392774810065	0.693056316826495
1274.3751	-2.691134E-5	-0.00222407768595041	0.00148592411713904	0.700980384780397
1324.3613	-2.5455926E-5	-0.00210379553719008	0.00176862862567375	0.720452114571269
1374.3768	-2.3280828E-5	-0.00192403537190083	0.00211090635651701	0.778185038071888
1424.3693	-2.6968865E-5	-0.00222883181818182	0.00196855274087769	0.842130640524032
1474.3678	-3.4444929E-5	-0.00284668834710744	0.00151315853865783	0.909295085179334
1524.3696	-2.3914214E-5	-0.00197638132231405	0.00254593861299222	0.956194225932557
1574.3732	-2.6462803E-5	-0.00218700851239669	0.00249779032126981	0.968268265326611
1624.3613	-2.5588207E-5	-0.00211472785123967	0.00273249951595484	0.947040106216901
1674.3677	-3.5053148E-5	-0.00289695438016529	0.00211276098355269	0.921306256607715
1724.3641	-4.0250982E-5	-0.00332652743801653	0.00184564342878478	0.870048544682476
1774.357	-4.266871E-5	-0.00352633966942149	0.0018082753277591	0.858921004475771
1824.3681	-4.6704931E-5	-0.00385991165289256	0.00163720661272836	0.85004995320595
1874.3686	-4.7040963E-5	-0.00388768289256198	0.00177190419845273	0.843435390873005
1924.3647	-4.2543081E-5	-0.00351595710743802	0.00230608451185682	0.839077317476935
1974.3563	-4.7336292E-5	-0.00391209024793388	0.00207239127759301	0.836975733017752
