H	M	M_over_mass	M_without_diamagnetism	M/Ms
Oe	emu	emu/g	emu/g	-
x=15% after 3 months in soft vacuum	x=15% after 3 months in soft vacuum	x=15% after 3 months in soft vacuum	x=15% after 3 months in soft vacuum	x=15% after 3 months in soft vacuum
2010.9123	-5.2174985E-7	-3.64860034965035E-5	2.90149812983385E-4	0.945879714163893
1985.8174	-1.4445028E-7	-1.01014181818182E-5	3.12239490970413E-4	0.900910333015799
1960.7152	-5.2923515E-7	-3.70094510489511E-5	2.81035301405292E-4	0.906547203688566
1935.6246	-5.0778952E-7	-3.55097566433566E-5	2.78240824413697E-4	0.897401063181029
1910.5246	-1.5770075E-7	-1.10280244755245E-5	2.98426776406107E-4	0.924675812744801
1885.4228	-4.0146164E-7	-2.80742405594406E-5	2.77084472082851E-4	0.935015452983168
1860.3309	8.8501188E-7	6.18889426573426E-5	3.62753261411838E-4	0.938728195443104
1835.2204	7.749519E-8	5.41924405594406E-6	3.01985985595501E-4	0.948465175141687
1810.1322	-6.6494152E-8	-4.6499406993007E-6	2.87623040194956E-4	0.97227893971693
1785.0338	4.3397372E-7	3.03478125874126E-5	3.18325287140839E-4	0.953832643191611
1759.935	5.4160732E-7	3.78746377622378E-5	3.21556537516186E-4	0.931104691456752
1734.8357	7.7315379E-7	5.40666986013986E-5	3.33452937982559E-4	0.927966376515858
1709.7402	-1.4128862E-7	-9.88032307692308E-6	2.65210906288607E-4	0.916529482187798
1684.6369	2.0378452E-7	1.42506657342657E-5	2.85045550140526E-4	0.939301038612067
1659.5439	4.9707824E-7	3.47607160839161E-5	3.01261018341097E-4	0.938229603566131
1634.446	1.4586621E-6	1.02004342657343E-4	3.64209224147004E-4	0.978867475177109
1609.3469	1.0950106E-6	7.65741678321678E-5	3.34483423178365E-4	0.971832552283203
1584.2481	1.2217758E-6	8.54388671328671E-5	3.39052547679587E-4	0.979459877368213
1559.1538	3.7675732E-7	2.63466657342657E-5	2.756655416413E-4	0.973879174251467
1534.0515	1.0360939E-6	7.24541188811189E-5	3.17476820975503E-4	0.994781805357262
1508.9572	1.667953E-6	1.1664006993007E-4	3.57367967384768E-4	1.00841901380341
1483.8573	1.9654127E-6	1.37441447552448E-4	3.73873581946385E-4	1.0463658467948
1458.7543	1.9108216E-6	1.33623888111888E-4	3.65759728890542E-4	1.050760180222
1433.66	1.6726494E-6	1.1696848951049E-4	3.44809525649458E-4	1.01893602572639
1408.561	1.4943982E-6	1.04503370629371E-4	3.28048797739537E-4	0.98475419491584
1383.4645	1.2221337E-6	8.54638951048951E-5	3.0471414105281E-4	0.940571546589342
1358.3599	1.4607511E-6	1.02150426573427E-4	3.17104105071465E-4	0.909752460410876
1333.2738	1.1564604E-6	8.08713566433566E-5	2.91531633903998E-4	0.91929855056273
1308.1645	1.2519272E-6	8.75473566433566E-5	2.93910262065004E-4	0.901998412293697
1283.0683	2.0813138E-6	1.4554641958042E-4	3.47614195183802E-4	0.913988972252121
1257.9752	1.1388705E-6	7.96412937062937E-5	2.77414470045936E-4	0.915889501811891
1232.8789	2.1086555E-6	1.47458426573427E-4	3.40936455980142E-4	0.929868016078486
1207.7765	1.5525307E-6	1.0856858041958E-4	2.97750418898984E-4	0.909453527439307
1182.6777	1.9494735E-6	1.36326818181818E-4	3.21213081861743E-4	0.927144106429865
1157.5833	1.9202947E-6	1.34286342657343E-4	3.1487778458292E-4	0.932743033243143
1132.4852	1.9290907E-6	1.34901447552448E-4	3.11197434481182E-4	0.936876664088152
1107.3823	2.5970477E-6	1.81611727272727E-4	3.53611437700839E-4	0.932091172813459
1082.2938	2.0043055E-6	1.40161223776224E-4	3.07867122215049E-4	0.928840335289748
1057.1876	2.1786187E-6	1.52350958041958E-4	3.15760015196314E-4	0.934448739003546
1032.0856	2.1877716E-6	1.52991020979021E-4	3.12103955664713E-4	0.895822112636649
1006.9808	2.4177407E-6	1.69072776223776E-4	3.23889109230267E-4	0.906982641682022
981.8537	1.9815165E-6	1.38567587412587E-4	2.89083502170239E-4	0.900778534152422
956.55707	2.6322019E-6	1.84070062937063E-4	3.30256544959296E-4	0.878880172795234
931.35756	2.3732969E-6	1.65964818181818E-4	3.07838489228419E-4	0.884434937220953
906.24094	1.9907041E-6	1.39210076923077E-4	2.76785123337422E-4	0.870144055054753
881.11932	2.9060427E-6	2.03219769230769E-4	3.36495335279756E-4	0.861811668586261
855.98541	1.9744298E-6	1.38072013986014E-4	2.67045996277676E-4	0.8527554442889
830.87267	2.7733458E-6	1.93940265734266E-4	3.18616287442559E-4	0.876047177838681
805.74642	2.4961668E-6	1.74557118881119E-4	2.94932867815201E-4	0.877027576618025
780.62744	2.9210907E-6	2.04272076923077E-4	3.20348797318878E-4	0.905338168050435
755.38917	3.279791E-6	2.29356013986014E-4	3.41113289763171E-4	0.888296463537566
730.13233	3.0307706E-6	2.11942E-4	3.1937665296577E-4	0.881716844765053
705.00713	2.6975768E-6	1.88641734265734E-4	2.91776294161244E-4	0.874746159583124
679.8781	2.6815721E-6	1.87522524475524E-4	2.86356335809218E-4	0.840539983575521
654.77301	3.0967007E-6	2.16552496503497E-4	3.11089656525469E-4	0.788986131500712
629.64192	2.7752166E-6	1.94071090909091E-4	2.84307149807208E-4	0.801705410603871
604.51878	2.0927708E-6	1.46347608391608E-4	2.32283926781504E-4	0.816185207995961
579.38986	3.3640506E-6	2.35248293706294E-4	3.168838823605E-4	0.816475714139106
554.27592	3.3919524E-6	2.37199468531469E-4	3.14536891226362E-4	0.800875412681993
529.15606	3.4529115E-6	2.41462342657343E-4	3.1450058620493E-4	0.830285334624625
504.02989	2.7347286E-6	1.91239762237762E-4	2.59977746702868E-4	0.866030553788249
478.91367	3.1758634E-6	2.2208834965035E-4	2.86527777941847E-4	0.857350427882944
453.78161	4.6053011E-6	3.22049027972028E-4	3.82187189127449E-4	0.805274517805864
428.66815	3.5242023E-6	2.46447713286713E-4	3.02287790633199E-4	0.763983702249638
403.53784	2.5018913E-6	1.74957433566434E-4	2.26496543283428E-4	0.733835660164616
378.41515	2.0529302E-6	1.43561552447552E-4	1.90800998672305E-4	0.702626146522021
353.28658	2.7722582E-6	1.9386420979021E-4	2.36802986180591E-4	0.625301463654093
328.17748	4.1751345E-6	2.91967447552448E-4	3.30608886333159E-4	0.639784954956257
303.04963	1.9428924E-6	1.35866601398601E-4	1.70207493570508E-4	0.631112086272362
277.9188	3.2124114E-6	2.24644153846154E-4	2.54683989392327E-4	0.605463670290059
252.80428	2.1853694E-6	1.52823034965035E-4	1.78564605286855E-4	0.526144297034448
227.67375	2.4809384E-6	1.73492195804196E-4	1.94932760844269E-4	0.554982086214558
202.54626	2.5440667E-6	1.77906762237762E-4	1.95046842281814E-4	0.484170808868462
177.41386	3.0117877E-6	2.10614524475524E-4	2.23453279193648E-4	0.478577676872715
152.28999	1.7937258E-6	1.25435370629371E-4	1.33974259902239E-4	0.450405414791823
127.15625	2.3947921E-6	1.67467979020979E-4	1.71705313631448E-4	0.378740201375495
102.02829	2.1267065E-6	1.48720734265734E-4	1.48657503441271E-4	0.298752272208337
76.899125	1.1041149E-6	7.72108321678322E-5	7.28468296767583E-5	0.300493115769057
51.760897	1.3640906E-6	9.53909510489511E-5	8.67246257894447E-5	0.271578289136272
26.642064	2.186228E-6	1.52883076923077E-4	1.39917748283843E-4	0.254118463776495
1.5159136	2.0220085E-6	1.41399195804196E-4	1.24133611436954E-4	0.215018171082397
-23.613675	2.039882E-6	1.42649090909091E-4	1.2108266237753E-4	0.161742778614195
-48.871932	4.7743405E-7	3.33869965034965E-5	7.49770264578718E-6	0.0719835373269776
-74.131165	3.8389065E-7	2.68455E-5	-3.36682622295956E-6	-0.0206628222574378
-99.251632	2.9527268E-7	2.06484391608392E-5	-1.38631700954255E-5	-0.0506426527579299
-124.38875	5.9011929E-8	4.12670832167832E-6	-3.468703373027E-5	-0.115336086532967
-149.51514	1.6412409E-6	1.14772090909091E-4	7.16580521224041E-5	-0.204321392546622
-174.64665	-7.881243E-7	-5.51135874125874E-5	-1.0252879920471E-4	-0.258350660274471
-199.7674	-1.4884565E-6	-1.04087867132867E-4	-1.55802410392788E-4	-0.261529001284985
-224.89567	-7.0443765E-7	-4.92613741258741E-5	-1.0527653587618E-4	-0.395084989731318
-250.02948	3.2869575E-7	2.29857167832168E-5	-3.73310116097525E-5	-0.437080532199302
-275.15303	-1.3437295E-6	-9.39670979020979E-5	-1.58583636973403E-4	-0.449055088329426
-300.28139	-1.4874601E-6	-1.04018188811189E-4	-1.72935361776075E-4	-0.464767781526325
-325.41418	-1.4383378E-6	-1.00583062937063E-4	-1.73801627975059E-4	-0.530836549474715
-350.54274	-7.4763429E-7	-5.22821181818182E-5	-1.2980135134272E-4	-0.531874652549933
-375.66096	-9.7159433E-7	-6.79436594405594E-5	-1.4976179106831E-4	-0.53544064285346
-400.78568	-1.0206413E-6	-7.13735174825175E-5	-1.5749166003015E-4	-0.532165641951329
-425.92088	-1.2274566E-6	-8.58361258741259E-5	-1.76256072958224E-4	-0.556889659492805
-451.05012	-1.0075713E-6	-7.04595314685315E-5	-1.65180263055237E-4	-0.582649676682744
-476.17255	-1.015831E-6	-7.10371328671329E-5	-1.70057483447959E-4	-0.598280071963595
-501.30759	-1.2656058E-6	-8.85039020979021E-5	-1.91826029831735E-4	-0.606670179224346
-526.43044	-1.0617897E-6	-7.4251027972028E-5	-1.81872846581562E-4	-0.619217476919553
-551.55722	-1.0878881E-6	-7.60760909090909E-5	-1.87998273000546E-4	-0.6268479786982
-576.6802	-9.7179658E-7	-6.79578027972028E-5	-1.8417969801342E-4	-0.616731455090218
-601.79739	-8.5733199E-7	-5.9953286013986E-5	-1.80473903416033E-4	-0.625595318820989
-626.92041	-6.6411721E-7	-4.64417629370629E-5	-1.71262100309737E-4	-0.659271553595007
-652.03226	-9.3414311E-7	-6.5324693006993E-5	-1.94442838642543E-4	-0.675946465500142
-677.16656	-1.5796175E-6	-1.10462762237762E-4	-2.43882558377819E-4	-0.689859797567869
-702.28779	-1.0391226E-6	-7.26659160839161E-5	-2.1038512584215E-4	-0.665383840164234
-727.4157	-8.5569118E-7	-5.98385440559441E-5	-2.0185831069178E-4	-0.695470422623577
-752.5292	2.9581794E-7	2.06865692307692E-5	-1.25631288059866E-4	-0.673475048407416
-777.65098	-1.3362373E-6	-9.34431678321678E-5	-2.44060532871621E-4	-0.670159265118705
-802.78223	-6.8158619E-7	-4.76633699300699E-5	-2.02581863476838E-4	-0.729328764811174
-827.93079	-6.0731824E-7	-4.2469806993007E-5	-2.0169239159509E-4	-0.783596077855415
-853.26818	-1.9831374E-6	-1.38680937062937E-4	-3.02239930336692E-4	-0.742640089772102
-878.3933	-7.0922228E-7	-4.95959636363636E-5	-2.17455036288649E-4	-0.744318862763172
-903.51758	3.5801573E-8	2.5036065034965E-6	-1.69655401764158E-4	-0.786964125225548
-928.63481	-3.7387817E-7	-2.61453265734266E-5	-2.02603063872775E-4	-0.782303400748228
-953.76008	-1.3223306E-6	-9.24706713286713E-5	-2.73228513678544E-4	-0.851226934086691
-978.88433	-1.5178336E-6	-1.0614220979021E-4	-2.91199982621053E-4	-0.928708109435212
-1003.9966	-2.0808547E-6	-1.45514314685315E-4	-3.34869967660614E-4	-0.982504265341355
-1029.1244	-1.5494473E-6	-1.08352958041958E-4	-3.02009149068731E-4	-0.972992665358714
-1054.2414	-1.3678728E-6	-9.56554405594406E-5	-2.93610321254185E-4	-0.993154450261763
-1079.3632	-7.3597009E-7	-5.14664398601399E-5	-2.53720831726635E-4	-0.951200478390109
-1104.4995	-1.6721823E-6	-1.16935825174825E-4	-3.23492209839068E-4	-0.946176018792456
-1129.6125	-6.8459223E-7	-4.78735825174825E-5	-2.58727972263215E-4	-0.95352947340989
-1154.9492	-1.0744829E-6	-7.51386643356644E-5	-2.903293446619E-4	-0.998747526315872
-1180.1126	-1.2017707E-6	-8.40399090909091E-5	-3.0353722028831E-4	-1.04276079093539
-1205.2322	-1.5151061E-6	-1.05951475524476E-4	-3.29747921371061E-4	-1.06088909435644
-1230.3571	-2.4212672E-6	-1.69319384615385E-4	-3.97415872188244E-4	-0.985325834611805
-1255.476	-7.874868E-7	-5.5069006993007E-5	-2.87464509412417E-4	-0.945715933091439
-1280.6073	1.1608931E-6	8.11813356643357E-5	-1.5551530381972E-4	-0.935196338125704
-1305.7158	1.3594096E-7	9.50636083916084E-6	-2.31487513566592E-4	-0.88279800115512
-1330.8498	-9.0354259E-7	-6.31847965034965E-5	-3.0848027006977E-4	-0.916752205748326
-1355.9562	-7.6432598E-7	-5.34493692307692E-5	-3.03041718310837E-4	-0.966154318902823
-1381.0937	-1.2861324E-6	-8.99393286713287E-5	-3.43833875925089E-4	-0.97532889832887
-1406.2057	2.7656536E-7	1.9340234965035E-5	-2.38852146223594E-4	-1.01330876260119
-1431.332	2.5587028E-7	1.78930265734266E-5	-2.44599635946745E-4	-1.01102552558825
-1456.686	-1.5020718E-6	-1.05039986013986E-4	-3.71871899951196E-4	-0.979330262256093
-1481.8293	-3.576563E-7	-2.50109300699301E-5	-2.96146034831232E-4	-1.01437726372702
-1506.9484	-1.4530492E-7	-1.01611832167832E-5	-2.8559533705396E-4	-1.06442815373762
-1532.071	-2.4867041E-7	-1.73895391608392E-5	-2.97123341087063E-4	-1.00710316210731
-1557.1827	-6.4395051E-7	-4.50315041958042E-5	-3.29063088712911E-4	-1.00548123900664
-1582.3044	2.7790776E-7	1.94341090909091E-5	-2.68896969483286E-4	-0.9993884434403
-1607.4372	3.176648E-8	2.22143216783217E-6	-2.90411040190939E-4	-1.04195631334653
-1632.7752	3.5633479E-7	2.49185167832168E-5	-2.72050468646664E-4	-0.936356162462774
-1657.9404	-9.616394E-7	-6.72475104895105E-5	-3.68523434854473E-4	-0.922960361355881
-1683.0476	2.3418101E-6	1.63762944055944E-4	-1.41809992740109E-4	-0.913303979631475
-1708.1723	9.6196666E-7	6.72703958041958E-5	-2.42602548488807E-4	-0.924133408029049
-1733.2956	6.2245346E-7	4.3528213986014E-5	-2.7064449819867E-4	-0.845794966249485
-1758.4177	4.3502759E-7	3.04215097902098E-5	-2.8805076491021E-4	-0.971378061692244
-1783.5411	1.3428542E-6	9.39058881118881E-5	-2.28866171594875E-4	-1.00004080754329
-1808.661	-4.4419919E-7	-3.10628804195804E-5	-3.58134126119515E-4	-0.997633321743046
-1833.7967	5.9543204E-7	4.16386041958042E-5	-2.89734531613906E-4	-1.02419977876363
-1858.8991	1.0314738E-6	7.2131034965035E-5	-2.63538291771987E-4	-1.05444625050154
-1884.0279	1.2078299E-7	8.44636293706294E-6	-3.31523672998053E-4	-0.962633987546223
-1909.1437	9.3672484E-7	6.55052335664336E-5	-2.7876328666071E-4	-0.94070495004502
-1934.2769	2.1966865E-6	1.53614440559441E-4	-1.94955541910927E-4	-0.965325617571625
-1959.3972	1.491765E-6	1.04319230769231E-4	-2.48550006152957E-4	-0.909884366093082
-1984.5153	7.658192E-7	5.35537902097902E-5	-3.03614324641651E-4	-0.970396991151581
-2009.6305	1.8536944E-6	1.29628979020979E-4	-2.31837517434517E-4	-0.993729941951899
-2012.6638	5.5011378E-7	3.84694951048951E-5	-3.23516140394669E-4	-1.05074229150076
-1987.6585	3.3886486E-7	2.36968433566434E-5	-3.34009219552463E-4	-1.08937915874277
-1962.6612	4.304839E-7	3.01037692307692E-5	-3.23324090260844E-4	-1.10621477781678
-1937.6671	-1.2125678E-7	-8.4794951048951E-6	-3.576296988482E-4	-1.08817879964834
-1912.6631	1.190865E-6	8.32772727272727E-5	-2.61593580916181E-4	-1.0457912156037
-1887.6617	6.5309857E-7	4.56712286713287E-5	-2.94920719853487E-4	-0.999208500339323
-1862.6615	1.0497588E-6	7.34097062937063E-5	-2.62903542488416E-4	-0.972594320814727
-1837.6563	1.2460797E-6	8.71384405594406E-5	-2.44895252746886E-4	-1.01233949130617
-1812.6558	1.9584217E-7	1.36952566433566E-5	-3.1405968557629E-4	-1.01504772493649
-1787.6569	-1.4856472E-7	-1.03891412587413E-5	-3.33865606226302E-4	-1.03964099099069
-1762.6551	2.3822876E-7	1.66593538461538E-5	-3.0253813754412E-4	-1.10226246321711
-1737.6547	8.856747E-8	6.19352937062937E-6	-3.08725228047628E-4	-1.10595021802073
-1712.6557	-6.6440073E-7	-4.64615895104895E-5	-3.57101852561998E-4	-1.09182894999352
-1687.6561	-2.4346042E-7	-1.70252041958042E-5	-3.23386870192592E-4	-1.103271085674
-1662.6517	-1.4331213E-7	-1.00218272727273E-5	-3.12104074711015E-4	-1.0890572829603
-1637.6535	-3.9465348E-7	-2.75981454545455E-5	-3.25402035443381E-4	-1.05556105012002
-1612.653	9.614001E-8	6.72307762237762E-6	-2.86802061279779E-4	-1.0434304021752
-1587.6518	-1.7548303E-7	-1.22715405594406E-5	-3.01517808572283E-4	-1.07507759417883
-1562.6469	-2.879112E-7	-2.01336503496503E-5	-3.05100414230683E-4	-1.05484109322645
-1537.6441	-1.2805943E-6	-8.95520489510489E-5	-3.70239668108175E-4	-1.09330933124395
-1512.6523	-2.3673358E-7	-1.65547958041958E-5	-2.92965152850241E-4	-1.08688034694005
-1487.6493	-1.2114065E-6	-8.47137412587413E-5	-3.56844919351556E-4	-1.07240699745137
-1462.6446	-3.622605E-7	-2.53329020979021E-5	-2.93184610288231E-4	-1.01238540646813
-1437.6402	-2.7387353E-7	-1.91519951048951E-5	-2.82724284736724E-4	-1.00524870309586
-1412.6461	-1.2950151E-7	-9.05604965034965E-6	-2.68350683533871E-4	-0.949228914469881
-1387.634	-4.0587449E-7	-2.83828314685315E-5	-2.83396728964575E-4	-0.968830350883934
-1362.6481	-1.6022096E-7	-1.12042629370629E-5	-2.61941908087087E-4	-0.981317168111244
-1337.6471	-1.1988132E-6	-8.38330909090909E-5	-3.30291899399125E-4	-0.992450424036947
-1312.647	-9.3281157E-7	-6.52315783216783E-5	-3.07411704183682E-4	-1.01471211715108
-1287.6433	-7.546764E-7	-5.27745734265734E-5	-2.90675400532712E-4	-1.04591087408377
-1262.6497	-1.3087995E-6	-9.15244405594405E-5	-3.25147697490581E-4	-1.04231715916591
-1237.6436	-1.2863E-6	-8.9951048951049E-5	-3.19294596374435E-4	-1.01554673030502
-1212.6453	-1.456353E-6	-1.01842867132867E-4	-3.26908039992139E-4	-1.02577675213132
-1187.6455	-6.1178457E-7	-4.27821377622378E-5	-2.63568679337465E-4	-1.01700362058598
-1162.6439	-1.3572943E-6	-9.49156853146853E-5	-3.1142328754195E-4	-1.00512578562124
-1137.6455	-1.4370508E-6	-1.00493062937063E-4	-3.12722273485551E-4	-1.00032124538982
-1112.6524	-1.3370116E-6	-9.34973146853147E-5	-3.01449040632116E-4	-1.04243789096854
-1087.644	-1.6836651E-6	-1.17738818181818E-4	-3.21410440983638E-4	-1.05501754558447
-1062.6357	-2.0104245E-6	-1.40589125874126E-4	-3.39980662645626E-4	-1.01414484505303
-1037.6381	-2.018584E-6	-1.4115972027972E-4	-3.3627300228974E-4	-1.01628308898333
-1012.6421	-7.6399088E-7	-5.34259356643357E-5	-2.44261236747469E-4	-1.00753126920719
-987.44493	-1.7382125E-6	-1.21553321678322E-4	-3.08076212268915E-4	-1.00224459159739
-962.24691	-1.8135434E-6	-1.26821216783217E-4	-3.09031551406642E-4	-0.972487496142332
-937.13297	-2.2270896E-6	-1.55740531468531E-4	-3.33652700132644E-4	-0.998202656771482
-912.14112	-1.6243726E-6	-1.1359248951049E-4	-2.8722738750619E-4	-0.972017241577753
-887.13833	-1.7545682E-6	-1.22697076923077E-4	-2.92052831906337E-4	-0.971204370083694
-861.98683	-1.4330623E-6	-1.00214146853147E-4	-2.65265307610027E-4	-0.938629948487727
-836.88916	-2.1414935E-6	-1.4975479020979E-4	-3.10510569562874E-4	-0.926752637257055
-811.88381	-1.7618601E-6	-1.23207E-4	-2.79683198205294E-4	-0.956042096892421
-786.89338	-1.675808E-6	-1.17189370629371E-4	-2.69388541194454E-4	-0.982526116586986
-761.8904	-2.8336633E-6	-1.98158272727273E-4	-3.46078267762058E-4	-0.950088585584116
-736.88066	-2.4417302E-6	-1.70750363636364E-4	-3.14390026189696E-4	-0.967584636168314
-711.89233	-1.6789845E-6	-1.17411503496503E-4	-2.56774497817528E-4	-0.9797752600142
-686.88401	-2.5458621E-6	-1.78032314685315E-4	-3.13115219553088E-4	-0.953506193784709
-661.89702	-2.3273608E-6	-1.62752503496503E-4	-2.9355896946844E-4	-0.930002812137964
-636.88098	-2.5251739E-6	-1.76585587412587E-4	-3.03110642679362E-4	-0.942885803152451
-611.88621	-2.2022404E-6	-1.54002825174825E-4	-2.76250110025056E-4	-0.925937172607306
-586.88417	-2.3478527E-6	-1.64185503496504E-4	-2.82153773694259E-4	-0.910769415242953
-561.85	-2.4701099E-6	-1.72734958041958E-4	-2.86418714646321E-4	-0.894542883465417
-536.63112	-2.2967108E-6	-1.60609146853147E-4	-2.69976777371838E-4	-0.868272959686089
-511.63137	-2.4680467E-6	-1.72590678321678E-4	-2.77679686113655E-4	-0.839841429987934
-486.63456	-1.8943955E-6	-1.3247520979021E-4	-2.33286098026537E-4	-0.823590602136294
-461.63981	-1.9860363E-6	-1.38883657342657E-4	-2.35416778585373E-4	-0.807295014736431
-436.63556	-2.4122798E-6	-1.68690895104895E-4	-2.60944623461105E-4	-0.817266017825019
-411.6412	-2.2371378E-6	-1.56443202797203E-4	-2.44419230906983E-4	-0.82730383937191
-386.63337	-3.0641945E-6	-2.14279335664336E-4	-2.97975358182708E-4	-0.828710236812222
-361.6262	-2.4922406E-6	-1.74282559440559E-4	-2.53698689324293E-4	-0.813767938869331
-336.63668	-2.3683981E-6	-1.65622244755245E-4	-2.40761502742193E-4	-0.829002371114638
-311.63675	-2.3865135E-6	-1.66889055944056E-4	-2.37749660397898E-4	-0.791710307521083
-286.62385	-2.9647323E-6	-2.07323937062937E-4	-2.73903668212005E-4	-0.775821518651394
-261.47992	-2.4809373E-6	-1.73492118881119E-4	-2.35768551383724E-4	-0.770244130919701
-236.37622	-2.4435465E-6	-1.70877377622378E-4	-2.28857396707064E-4	-0.76054888556378
-211.38391	-2.5771119E-6	-1.80217615384615E-4	-2.33920285073445E-4	-0.744136793524754
-186.29116	-2.4926927E-6	-1.74314174825175E-4	-2.23722305151581E-4	-0.733706456257215
-161.13392	-2.9036444E-6	-2.03052055944056E-4	-2.4815460966248E-4	-0.683183975292409
-136.12992	-2.568779E-6	-1.79634895104895E-4	-2.20458098723468E-4	-0.654813617764074
-111.13111	-1.5302641E-6	-1.07011475524476E-4	-1.43556217294157E-4	-0.61776306271671
-86.135305	-2.2168342E-6	-1.55023370629371E-4	-1.87290164845756E-4	-0.538390265112565
-61.117427	-1.9155209E-6	-1.3395251048951E-4	-1.61937579433245E-4	-0.462814384673708
-36.110747	-1.2695537E-6	-8.8779979020979E-5	-1.12485239191919E-4	-0.403140346893709
-11.110884	-1.0294591E-6	-7.19901468531469E-5	-9.14167649578051E-5	-0.283362599999755
13.89075	-3.8791376E-7	-2.71268363636364E-5	-4.22745093013475E-5	-0.197878815800589
38.89633	4.2587076E-7	2.9781172027972E-5	1.89131196017726E-5	-0.1562184575859
63.920631	-1.2892152E-7	-9.01549090909091E-6	-1.56007187878956E-5	-0.105917395160052
88.89418	-5.7683568E-7	-4.03381594405594E-5	-4.26492488052547E-5	-0.0421334079524528
113.90087	-1.2105949E-7	-8.4656986013986E-6	-6.49697748183336E-6	-0.0368321618858359
138.91901	8.5701489E-7	5.99311111888112E-5	6.61816024214421E-5	0.00482735670269172
163.91574	2.1090793E-7	1.47488062937063E-5	2.52774033902572E-5	0.0863672270024415
188.91147	5.6381534E-7	3.94276461538461E-5	5.42341779676965E-5	0.166116490283271
213.92226	1.1113385E-6	7.7715979020979E-5	9.68030230202341E-5	0.209653238423338
239.03364	1.5221236E-6	1.0644220979021E-4	1.29826981613429E-4	0.296524600529264
264.17294	1.59588E-6	1.116E-4	1.39287278060829E-4	0.342091294950165
289.17495	2.0315342E-6	1.42065328671329E-4	1.74031616250234E-4	0.39707729249885
314.17236	1.3533406E-6	9.46392027972028E-5	1.3088371261973E-4	0.398389753829783
339.1596	2.1360596E-6	1.49374797202797E-4	1.89895788707816E-4	0.428961190713579
364.17153	1.2072573E-6	8.44235874125874E-5	1.29225286210158E-4	0.432671625306268
389.17117	2.0118007E-6	1.40685363636364E-4	1.8976566633452E-4	0.48341157465603
414.17061	1.776926E-6	1.24260559440559E-4	1.77619431809977E-4	0.456498492963347
439.17011	2.2727342E-6	1.58932461538462E-4	2.16569913847939E-4	0.470407772535454
464.16971	1.116949E-6	7.81083216783217E-5	1.4002437104252E-4	0.469846278570765
489.17576	1.2072207E-6	8.4421027972028E-5	1.50616778286649E-4	0.521877555850142
514.17694	1.6505227E-6	1.15421167832168E-4	1.8589578561317E-4	0.513270370309251
539.17248	2.7285441E-6	1.9080727972028E-4	2.65559799700724E-4	0.580321564114636
564.16827	1.7106311E-6	1.19624552447552E-4	1.98655017414093E-4	0.635287913993822
589.1745	2.443504E-6	1.70874405594406E-4	2.54184602317762E-4	0.721281969498091
614.17509	2.2321143E-6	1.56091909090909E-4	2.4368087230414E-4	0.751770610354258
639.18277	3.4499501E-6	2.41255251748252E-4	3.33124194880898E-4	0.772317306264034
664.17244	3.1423937E-6	2.19747811188811E-4	3.15893651890236E-4	0.750863337393339
689.17535	1.8762782E-6	1.31208265734266E-4	2.31633269985726E-4	0.738586241218237
714.17952	1.5606842E-6	1.09138755244755E-4	2.13843138690992E-4	0.674761963110125
739.18297	1.5783714E-6	1.10375622377622E-4	2.19359261793069E-4	0.650586738447538
764.17295	1.5094729E-6	1.05557545454545E-4	2.18818135494224E-4	0.668587960560719
789.17462	2.1916511E-6	1.53262314685315E-4	2.70801856053218E-4	0.694537689891593
814.18125	1.9783846E-6	1.38348573426573E-4	2.6016791500994E-4	0.708797615270225
839.17973	1.8612273E-6	1.30155755244755E-4	2.56253502198628E-4	0.728100914067608
864.17344	1.5871267E-6	1.10987881118881E-4	2.4136321707388E-4	0.733755523013873
889.18075	1.6440784E-6	1.14970517482517E-4	2.49625770032682E-4	0.691529396573707
914.17723	1.9855556E-6	1.38850041958042E-4	2.77783357585471E-4	0.715167178126657
939.17967	5.77044E-7	4.03527272727273E-5	1.83565126011279E-4	0.7217942417304
964.17327	2.1040751E-6	1.47138118881119E-4	2.94628087794669E-4	0.70542186848188
989.17597	1.4053074E-6	9.82732447552447E-5	2.50042341278039E-4	0.730959601725968
1014.1732	8.8814679E-7	6.21081671328671E-5	2.18155455092892E-4	0.772519605055244
1039.1769	2.2758155E-6	1.59147937062937E-4	3.19474523778827E-4	0.764002399736655
1064.1749	1.2672835E-6	8.86212237762238E-5	2.53226133712242E-4	0.731011690131028
1089.1827	1.5441869E-6	1.07985097902098E-4	2.76870008295125E-4	0.757866678685606
1114.1663	2.3453469E-7	1.64010272727273E-5	1.89561796374547E-4	0.693495246448291
1139.1698	1.2112984E-6	8.47061818181818E-5	2.62146215446542E-4	0.754160754413021
1164.1718	3.2166553E-7	2.2494093006993E-5	2.04213134441964E-4	0.772458457149276
1189.1744	2.4344463E-6	1.70241E-4	3.56239151929554E-4	0.831905093100691
1214.2714	1.6534642E-6	1.15626867132867E-4	3.05920285797982E-4	0.850105293685858
1239.4269	1.3705429E-6	9.58421608391608E-5	2.90440858317138E-4	0.881780232907052
1264.4261	1.3176788E-6	9.21453706293706E-5	2.9102259670342E-4	0.836134915711605
1289.4274	7.6442328E-7	5.34561734265734E-5	2.56612287504599E-4	0.84730310202502
1314.4218	9.4705753E-7	6.62277993006993E-5	2.73661620471019E-4	0.857916409598379
1339.4244	1.5845866E-6	1.10810251748252E-4	3.22523183413154E-4	0.857109058974347
1364.4246	1.2882462E-6	9.00871468531469E-5	3.06078778260742E-4	0.851501127533357
1389.4243	9.5028465E-7	6.6453472027972E-5	2.8672371760495E-4	0.872750003478315
1414.4235	2.7719692E-7	1.93844E-5	2.43933174173051E-4	0.865957811011088
1439.4345	1.1302173E-6	7.90361748251748E-5	3.07865497124421E-4	0.879170018523388
1464.4274	1.067778E-6	7.46697902097902E-5	3.077765628814E-4	0.849598506958612
1489.4231	1.2708249E-6	8.88688741258741E-5	3.26253576380384E-4	0.853069230799169
1514.4341	-1.3518834E-7	-9.45373006993007E-6	2.32211520310775E-4	0.795194008856607
1539.4311	1.6570795E-8	1.15879685314685E-6	2.4710219930736E-4	0.790142391374817
1564.4306	-6.617685E-7	-4.62775174825175E-5	2.03944464911754E-4	0.77253176011
1589.4332	5.9441186E-7	4.15672629370629E-5	2.96068355825917E-4	0.811129453046976
1614.4352	4.8392788E-7	3.38411104895105E-5	2.92621211184975E-4	0.841901336476129
1639.428	4.8110629E-7	3.36437965034965E-5	2.96701330456662E-4	0.910337496039514
1664.4228	4.3751412E-7	3.0595393006993E-5	2.97930702511101E-4	0.923363727970948
1689.6652	6.987192E-7	4.88614825174825E-5	3.20516943475777E-4	0.927147460463338
1714.6778	5.7166153E-7	3.99763307692308E-5	3.15912613688314E-4	0.913214362386562
1739.6719	2.304877E-7	1.6118020979021E-5	2.96331959646412E-4	0.979513418374902
1764.6842	-2.146673E-7	-1.50116993006993E-5	2.69483009983493E-4	0.986270779128859
1789.6762	1.7446005E-6	1.22000034965035E-4	4.10772040589632E-4	0.975919349105072
1814.671	5.2014385E-7	3.63736958041958E-5	3.29423476979736E-4	1.02473429439545
1839.6668	-3.3958401E-8	-2.37471335664336E-6	2.94953014516459E-4	1.02325982123891
1864.6704	1.1018247E-6	7.70506783216783E-5	3.78657687835984E-4	0.980359147103561
1889.7839	-5.9899811E-7	-4.18879797202797E-5	2.64017120448826E-4	0.987750745847688
1914.9288	3.2571256E-7	2.27771020979021E-5	3.32985666925692E-4	0.981183671134986
1939.9251	3.5671358E-7	2.49450055944056E-5	3.39431602693069E-4	0.982042646514682
1964.918	-5.4583268E-7	-3.81701174825175E-5	2.80593929988509E-4	0.990723232995478
1989.9348	7.7528535E-7	5.42157587412587E-5	3.7726134698888E-4	0.993257795794754
2014.9299	-7.2995507E-7	-5.10458090909091E-5	2.7627760605164E-4	0.988083609534398
