H	M	M_over_mass	M_without_diamagnetism
Oe	emu	emu/g	emu/g
x=1.0% at 80K	x=1.0% at 80K	x=1.0% at 80K	x=1.0% at 80K
0.99385192	4.620427E-5	0.00408887345132743	0.00554617144577964
0.99454063	5.1112948E-5	0.00452326973451328	0.00553490850723051
0.98456243	4.5808808E-5	0.00405387681415929	0.00552535945052867
0.97457813	4.8297259E-5	0.00427409371681416	0.00551752427567409
0.96458924	4.6216203E-5	0.00408992946902655	0.00551140298266679
0.95458955	4.904605E-5	0.00434035840707965	0.00550699557150676
0.94460539	4.9595681E-5	0.00438899831858407	0.005504302042194
0.93462283	5.0399983E-5	0.00446017548672566	0.00550332239472852
0.92463636	4.9992702E-5	0.00442413292035398	0.00550405662911032
0.9146522	4.9520984E-5	0.00438238796460177	0.00550650474533938
0.90466511	5.098958E-5	0.00451235221238938	0.00551066674341572
0.89467833	4.6313784E-5	0.00409856495575221	0.00551654262333933
0.88469212	4.7622137E-5	0.00421434840707965	0.00552413238511022
0.87470561	5.4330454E-5	0.00480800477876106	0.00552534529428709
0.86472394	4.9563591E-5	0.00438615849557522	0.00556177553879743
0.85473396	5.010338E-5	0.00443392743362832	0.00555747681313467
0.84474492	4.8926442E-5	0.00432977362831859	0.00557017423784113
0.83475248	5.2498161E-5	0.00464585495575221	0.00556890979679824
0.82477579	5.3165994E-5	0.00470495522123894	0.00560130756209638
0.81478453	5.6981075E-5	0.00504257300884956	0.00563405277995186
0.80480594	5.3861476E-5	0.00476650230088496	0.00567501441187548
0.79482522	5.3146433E-5	0.00470322415929204	0.00569445780716823
0.78483808	5.3970846E-5	0.0047761810619469	0.00572009352612832
0.77484925	5.8353574E-5	0.00516403309734513	0.00573897851116343
0.76485793	5.2495913E-5	0.00464565601769912	0.00572435994894131
0.75487074	5.5601472E-5	0.00492048424778761	0.00572903730395947
0.74489586	5.483933E-5	0.00485303805309735	0.00575624003604004
0.73489864	5.8019355E-5	0.00513445619469027	0.00574935825511051
0.72491083	5.7967126E-5	0.00512983415929204	0.0057685139056191
0.71493729	5.906422E-5	0.00522692212389381	0.00573131922014904
0.70495324	5.5496904E-5	0.00491123044247788	0.00571596941776634
0.69496827	5.5604123E-5	0.00492071884955752	0.00569317540868609
0.68496839	5.4360514E-5	0.00481066495575221	0.00569847162516748
0.67490504	5.7807141E-5	0.00511567619469027	0.00568275879848713
0.66480909	5.5945378E-5	0.00495091840707965	0.00566674691166477
0.65481418	5.8563741E-5	0.00518263194690266	0.00563462416382683
0.64483898	5.9904979E-5	0.00530132557522124	0.00564110383780271
0.63485299	5.5798951E-5	0.00493796026548673	0.00561589089549026
0.62485847	5.7309333E-5	0.00507162238938053	0.0055688577947005
0.61488093	5.870231E-5	0.00519489469026549	0.00553722389857756
0.60489402	5.2099542E-5	0.0046105789380531	0.00550874909695928
0.59651896	5.8861812E-5	0.00520900991150443	0.00551271467469954
0.58896867	5.7009809E-5	0.00504511584070797	0.00551242085688203
0.58140928	5.8286149E-5	0.00515806628318584	0.00550880206450869
0.5738926	5.6830898E-5	0.00502928300884956	0.00550574119716909
0.56640592	5.7555812E-5	0.00509343469026549	0.00549484343446663
0.55890545	5.5776558E-5	0.0049359785840708	0.00548249146190229
0.55141727	5.8631664E-5	0.00518864283185841	0.00546334621387089
0.5439187	5.5804995E-5	0.00493849513274336	0.00545094055969495
0.53643032	5.4807071E-5	0.00485018327433628	0.00544497651819441
0.52892233	6.1450465E-5	0.00543809424778761	0.00542466456100704
0.52142871	5.8304943E-5	0.00515972946902655	0.00541905690689445
0.51393869	6.1814738E-5	0.00547033079646018	0.00543499059583272
0.50644626	5.6885213E-5	0.0050340896460177	0.00540603842540971
0.49895112	5.9737472E-5	0.00528650194690266	0.00539987435744451
0.49144858	5.7327E-5	0.00507318584070797	0.00538976073655615
0.483955	5.6478227E-5	0.00499807318584071	0.00538360697810445
0.47645452	5.5143207E-5	0.00487992982300885	0.00537222771776019
0.46895327	5.8023563E-5	0.0051348285840708	0.00538324035574703
0.46147688	5.7309655E-5	0.00507165088495575	0.0053673837445138
0.45397372	5.8823762E-5	0.00520564265486726	0.00537639817053434
0.44647437	6.0513781E-5	0.00535520185840708	0.00534366952211585
0.43898321	6.0324444E-5	0.00533844637168142	0.00528093473529723
0.43149484	5.9488567E-5	0.00526447495575221	0.00526752228647337
0.42399199	5.7121252E-5	0.00505497805309735	0.00523308840509637
0.41642394	5.7717672E-5	0.0051077585840708	0.0052517244789708
0.40892806	5.9477484E-5	0.00526349415929204	0.00523511872633527
0.40143642	5.8752359E-5	0.00519932380530973	0.00520936735447678
0.39393512	5.9530328E-5	0.00526817061946903	0.00520269461583457
0.38644741	5.9316435E-5	0.00524924203539823	0.00517038272931627
0.37894961	5.505477E-5	0.00487210353982301	0.00513810360349054
0.37145224	5.678883E-5	0.00502556017699115	0.00511415715468378
0.36395812	5.3425895E-5	0.00472795530973451	0.00509720923567729
0.35646089	5.6925659E-5	0.0050376689380531	0.00507461551328663
0.34897086	6.0733329E-5	0.00537463088495575	0.00506899817429559
0.34146662	5.8775807E-5	0.00520139884955752	0.00505875794987659
0.33397778	6.0872782E-5	0.00538697185840708	0.00503618696682786
0.3264811	5.5168985E-5	0.0048822110619469	0.00501185969848614
0.31899146	5.6446855E-5	0.00499529690265487	0.00497635145462616
0.31148326	6.1533147E-5	0.00544541123893805	0.00493730862972037
0.30400672	5.6083035E-5	0.00496310044247788	0.00493557037865599
0.29771983	5.9439643E-5	0.00526014539823009	0.00491645954804715
0.29274102	5.7239722E-5	0.00506546212389381	0.00489619710794341
0.28773677	5.7616884E-5	0.0050988392920354	0.00486658915885637
0.28275914	5.4581651E-5	0.00483023460176991	0.00484720458429159
0.27775437	5.6074767E-5	0.00496236876106195	0.00478602399615098
0.27275823	5.421506E-5	0.00479779292035398	0.00474689108287224
0.2677729	5.4721569E-5	0.00484261672566372	0.00471396621051787
0.26278201	5.6436495E-5	0.00499438008849558	0.00468102951637115
0.25779107	5.3985663E-5	0.00477749230088496	0.00465760763219577
0.25278951	5.5892088E-5	0.00494620247787611	0.00460564647717366
0.24778897	5.9086802E-5	0.00522892053097345	0.00455226331659032
0.24278526	5.1597654E-5	0.00456616407079646	0.00452438133447875
0.23779262	5.5218189E-5	0.00488656539823009	0.00447325026401345
0.23276436	5.5952478E-5	0.00495154672566372	0.00443906601026496
0.2277411	5.2919994E-5	0.00468318530973451	0.0044060896557473
0.22274939	5.0797262E-5	0.00449533292035398	0.00435801139672616
0.21775334	5.3120829E-5	0.00470095831858407	0.00431452454092019
0.21275209	5.0430323E-5	0.00446286044247788	0.00427844408224232
0.20774816	5.2506007E-5	0.0046465492920354	0.00423104555490849
0.20275983	5.0622683E-5	0.00447988345132743	0.00419253445675219
0.19775666	5.1004122E-5	0.00451363911504425	0.00415907723280804
0.19275783	5.0121679E-5	0.00443554681415929	0.0041033174391406
0.18776327	5.032688E-5	0.00445370619469027	0.00408872786500135
0.18275533	5.0950023E-5	0.00450885159292035	0.00407856856060276
0.17776582	5.0312629E-5	0.00445244504424779	0.00402347163347501
0.17275613	5.0777818E-5	0.00449361221238938	0.00397932875305716
0.16775704	4.8840748E-5	0.00432219008849558	0.00397809523400433
0.16277007	5.2810866E-5	0.00467352796460177	0.00396162706020362
0.15776239	4.947013E-5	0.00437788761061947	0.003939061837234
0.15272038	4.9296298E-5	0.00436250424778761	0.00390834581785462
0.14771666	4.935963E-5	0.00436810884955752	0.0038678072829461
0.14271187	4.7592862E-5	0.00421175769911504	0.00383598879423536
0.1377233	4.8176326E-5	0.00426339168141593	0.00380316993748263
0.13272206	5.0321577E-5	0.00445323690265487	0.00376548947279867
0.12771748	4.4299715E-5	0.00392032876106195	0.00371961411719651
0.12271995	4.7119328E-5	0.00416985203539823	0.00368257427620037
0.11772117	4.8831739E-5	0.00432139283185841	0.00365184830162415
0.11272666	5.147974E-5	0.00455572920353982	0.00360992542642481
0.10771954	4.5673559E-5	0.00404190787610619	0.00356693299550338
0.10272121	4.5578746E-5	0.00403351734513274	0.00351848285374912
0.099906736	4.3424827E-5	0.00384290504424779	0.00348643772842409
0.098937208	4.6546714E-5	0.0041191782300885	0.00346512799122509
0.097911928	4.5556901E-5	0.00403158415929204	0.00342770858572896
0.096938334	4.5812577E-5	0.0040542103539823	0.00339418229541114
0.0958504	4.3853805E-5	0.00388086769911505	0.0033549667359487
0.094916959	4.4565551E-5	0.00394385407079646	0.00330136312540555
0.093951138	4.4982022E-5	0.00398070991150443	0.00326231954934755
0.092926219	4.3084592E-5	0.00381279575221239	0.00322771127959136
0.091945418	4.1861615E-5	0.00370456769911505	0.0032131365834773
0.090943046	4.2881808E-5	0.00379485026548673	0.00321810272387082
0.089935579	4.3702058E-5	0.00386743876106195	0.00324238775618045
0.088956786	4.2869084E-5	0.00379372424778761	0.00325374396197746
0.087939484	4.4681244E-5	0.00395409238938053	0.00325878261144967
0.086931656	4.0057933E-5	0.00354494982300885	0.00326946687544543
0.085921201	4.2802997E-5	0.00378787584070797	0.00325952351400844
0.084922947	4.2798754E-5	0.0037875003539823	0.00327095031740627
0.083920987	4.2552048E-5	0.00376566796460177	0.00328981423740763
0.08291872	4.7016979E-5	0.00416079460176991	0.00327128651913478
0.081931226	4.9644666E-5	0.00439333327433628	0.00325898261347658
0.080927723	4.4772723E-5	0.0039621878761062	0.0032498723837495
0.079925353	4.4077682E-5	0.00390067982300885	0.00321054503956736
0.07894124	4.2981263E-5	0.00380365159292035	0.00318431846314212
0.077910271	4.3836787E-5	0.00387936168141593	0.00317264099862546
0.076940771	4.1507635E-5	0.00367324203539823	0.00314012466980133
0.075931115	4.2288521E-5	0.00374234699115044	0.0031089054756327
0.074935979	3.7728888E-5	0.0033388396460177	0.00309333232106944
0.073940376	4.40771E-5	0.00390062831858407	0.0030373965471227
0.072935662	3.9350073E-5	0.00348230734513274	0.00301931086006148
0.07195705	3.7125979E-5	0.00328548486725664	0.0029787776778229
0.070944512	4.1322974E-5	0.0036569003539823	0.00293389943268221
0.069947315	4.063855E-5	0.00359633185840708	0.00293906514086248
0.068949242	4.038171E-5	0.00357360265486726	0.00293938193511675
0.067952097	4.4649179E-5	0.00395125477876106	0.00293932962889188
0.066943523	4.1022683E-5	0.00363032592920354	0.00294679826167167
0.065958578	3.8048843E-5	0.00336715424778761	0.00293263720925803
0.064962051	4.2181738E-5	0.00373289716814159	0.00294282236709726
0.063955999	4.1236643E-5	0.00364926044247788	0.00292623968738677
0.062964053	4.0111509E-5	0.0035496910619469	0.00293180922804397
0.061969894	4.2837282E-5	0.00379090991150443	0.00291965576189111
0.060973057	3.7446667E-5	0.00331386433628319	0.00292086802503126
0.059849884	4.0793302E-5	0.00361002672566372	0.00290718394009723
0.058963734	4.1317025E-5	0.00365637389380531	0.00286821123851294
0.057957115	3.6498825E-5	0.00322998451327434	0.00284470689026437
0.05695683	4.1864822E-5	0.00370485150442478	0.00283351559425809
0.055965139	3.9246685E-5	0.00347315796460177	0.00281376852266633
0.054982254	3.7563101E-5	0.0033241682300885	0.002823848313154
0.05396287	4.1101529E-5	0.00363730345132743	0.00282350807001215
0.052962222	3.8208236E-5	0.00338125982300885	0.00279113748912189
0.051968673	4.15884E-5	0.00368038938053097	0.00279651811300485
0.050959994	3.8823397E-5	0.00343569884955752	0.00277359911238212
0.049862563	3.6454959E-5	0.00322610256637168	0.00274026747704292
0.048847553	3.9822259E-5	0.00352409371681416	0.00273308952329302
0.047850304	3.8142299E-5	0.00337542469026549	0.00270498059567147
0.046844304	3.9487361E-5	0.00349445672566372	0.00269216791340581
0.045847622	4.0476782E-5	0.00358201610619469	0.00269243665377507
0.044848829	3.7498807E-5	0.00331847849557522	0.00266026596388071
0.043855802	3.8297804E-5	0.00338918619469027	0.0026680601678132
0.04285567	3.7335446E-5	0.0033040217699115	0.0026660818280034
0.041840866	3.580357E-5	0.00316845752212389	0.00264891643699949
0.040848561	3.7899549E-5	0.00335394238938053	0.00266658739797604
0.039853783	3.4056637E-5	0.00301386168141593	0.00264809779545265
0.038847525	3.8358157E-5	0.00339452716814159	0.00265968684744937
0.037846467	4.0028776E-5	0.00354236955752212	0.00266534933561526
0.036852051	3.9273853E-5	0.00347556221238938	0.00266247960380186
0.035848727	3.8390396E-5	0.00339738017699115	0.00266377688007748
0.034846227	3.9046024E-5	0.0034554003539823	0.00263221120790772
0.033844757	3.8049379E-5	0.00336720168141593	0.00260754755170618
0.032843802	3.9485666E-5	0.00349430672566372	0.00260420289551194
0.031838008	3.7613993E-5	0.00332867194690266	0.00259304237981132
0.030848997	3.7203994E-5	0.00329238884955752	0.00256985939322417
0.029850719	3.8027272E-5	0.00336524530973451	0.00257412704620399
0.028852235	3.4646028E-5	0.00306602017699115	0.00255862931789091
0.027859208	3.8398555E-5	0.00339810221238938	0.00254305533111329
0.026859385	3.663137E-5	0.00324171415929204	0.00250374336654565
0.025841081	3.4997923E-5	0.00309716132743363	0.00248388318781092
0.024854778	3.2533146E-5	0.00287903946902655	0.00246944923471466
0.023842596	3.347236E-5	0.00296215575221239	0.00246648041461071
0.022852045	3.7808087E-5	0.00334584840707965	0.00246228589183135
0.021848094	3.8797781E-5	0.00343343194690266	0.00244539977502913
0.020855275	3.710457E-5	0.00328359026548673	0.00240462720871962
0.019848026	3.6003866E-5	0.00318618283185841	0.0024217843188628
0.018857166	3.9562202E-5	0.00350107982300885	0.00238509075130706
0.017859812	3.3468224E-5	0.00296178973451328	0.00236236231474786
0.016858438	3.4102805E-5	0.00301794734513274	0.00234939359453636
0.015861497	3.5231174E-5	0.00311780300884956	0.00231559286012062
0.014857546	3.4654222E-5	0.00306674530973451	0.00230515850389266
0.013857512	3.4055066E-5	0.00301372265486726	0.0022549319784149
0.01285387	3.4766476E-5	0.0030766792920354	0.00222796056468423
0.011859812	3.1842976E-5	0.00281796247787611	0.00219024415625247
0.010850501	3.0137234E-5	0.00266701185840708	0.00212709920042114
0.0098543843	3.2427705E-5	0.00286970840707965	0.00212406841952229
0.0088647609	3.6554167E-5	0.00323488203539823	0.00209597460435405
0.0078627688	2.7010773E-5	0.00239033389380531	0.00207620878214485
0.0068566534	3.484902E-5	0.00308398407079646	0.0020483599537404
0.005865484	3.2253696E-5	0.00285430938053097	0.00204271732941366
0.0048594719	3.1184063E-5	0.00275965159292035	0.00200821794581623
0.0038591288	3.1052E-5	0.00274796460176991	0.00199866737268381
0.0028618779	2.9768804E-5	0.00263440743362832	0.00200572540099478
0.0018628748	3.6398036E-5	0.00322106513274336	0.00198317435495968
8.6242869E-4	3.1065367E-5	0.00274914752212389	0.0019701002882088
-1.5180193E-4	2.9064205E-5	0.00257205353982301	0.00196681024052087
-0.0011558752	3.3472203E-5	0.00296214185840708	0.00193441671684475
-0.0021507381	2.5825068E-5	0.00228540424778761	0.00189074565501715
-0.0031598926	3.1703876E-5	0.00280565274336283	0.00187076462377146
-0.0041669908	2.9530474E-5	0.00261331628318584	0.00188354754499908
-0.0051620593	3.0423706E-5	0.00269236336283186	0.00184678260471239
-0.0061510616	3.1395414E-5	0.00277835522123894	0.00182479588055467
-0.007156926	3.2309765E-5	0.00285927123893805	0.00181506534295864
-0.0081532282	2.8326928E-5	0.00250680778761062	0.00182616738022797
-0.0091569335	2.5583964E-5	0.00226406761061947	0.00180915114694497
-0.010160947	3.0559069E-5	0.00270434238938053	0.0017990047735231
-0.011147996	2.8801313E-5	0.00254878876106195	0.00181326380279428
-0.012163013	2.7974542E-5	0.00247562318584071	0.00178442111853451
-0.013150474	3.0916209E-5	0.00273594769911504	0.00179713835978473
-0.014161068	3.1602914E-5	0.00279671805309735	0.00179339713518278
-0.015151921	2.9616335E-5	0.00262091460176991	0.00175857910685818
-0.016154907	2.8537492E-5	0.0025254417699115	0.0017387195665946
-0.017151209	2.7882274E-5	0.0024674578761062	0.00172048913205484
-0.018160466	3.3255278E-5	0.00294294495575221	0.00172818481696194
-0.019151217	3.0212935E-5	0.0026737110619469	0.001716940929603
-0.020153482	2.4762996E-5	0.00219141557522124	0.00172106408936216
-0.021151841	2.9060862E-5	0.00257175769911504	0.00170863425803417
-0.022156986	2.5689027E-5	0.00227336522123894	0.00166863570884962
-0.023146914	2.7946723E-5	0.00247316132743363	0.00166902426359753
-0.024146894	3.2660985E-5	0.00289035265486726	0.00165400344675059
-0.025153557	2.2415438E-5	0.00198366707964602	0.00163520955463483
-0.026150133	2.936772E-5	0.00259891327433628	0.00162352936923642
-0.027170806	2.7463517E-5	0.00243039973451327	0.00161154898520336
-0.028163263	3.0342453E-5	0.00268517283185841	0.00159401390133407
-0.029163752	2.8652729E-5	0.00253563973451328	0.00156613753586125
-0.030163418	2.4055203E-5	0.00212877902654867	0.00152518484576569
-0.031160715	2.8366777E-5	0.00251033424778761	0.00152838212177344
-0.032157188	2.7392723E-5	0.00242413477876106	0.00150658290134646
-0.033165708	2.6645258E-5	0.00235798743362832	0.00144176174719201
-0.034161564	2.8025137E-5	0.00248010061946903	0.00140741904740372
-0.035165143	2.4459532E-5	0.0021645603539823	0.00136755240883651
-0.036163058	2.4669015E-5	0.00218309867256637	0.0013498816597875
-0.037161282	2.2977459E-5	0.00203340345132743	0.00135118126547983
-0.038157343	2.3353942E-5	0.00206672053097345	0.00130096558489557
-0.039158347	2.4012773E-5	0.00212502415929204	0.00126284371281709
-0.040159351	2.2857396E-5	0.00202277840707965	0.0012020076223862
-0.041159531	2.2879046E-5	0.00202469433628319	0.00118605591576455
-0.04216589	2.3867469E-5	0.00211216539823009	0.00114444165909684
-0.043164937	2.0958067E-5	0.00185469619469027	0.00108175007076133
-0.044162233	2.3161576E-5	0.00204969699115044	0.00106551146831186
-0.045174257	2.5798658E-5	0.00228306707964602	0.0010530725498312
-0.046161359	2.4579749E-5	0.00217519902654867	0.00101973730650341
-0.047165659	2.1921916E-5	0.00193999256637168	0.00101885433254716
-0.048157807	1.8437905E-5	0.00163167300884956	9.88044987436914E-4
-0.049168286	1.9139974E-5	0.00169380300884956	9.75510296551056E-4
-0.05013294	1.699186E-5	0.00150370442477876	9.45769244138196E-4
-0.051133538	1.9928712E-5	0.00176360283185841	9.2229372310667E-4
-0.052126308	2.2936734E-5	0.00202979946902655	9.03382956215E-4
-0.053120206	1.8191735E-5	0.00160988805309735	8.78897473524792E-4
-0.054137892	2.2485495E-5	0.00198986681415929	8.573507039467E-4
-0.055119951	2.2904262E-5	0.00202692584070796	8.49151662472662E-4
-0.056124352	1.9006828E-5	0.00168202017699115	8.31937022071623E-4
-0.057131432	1.7645631E-5	0.00156156026548673	8.12333526679482E-4
-0.058117196	2.1561593E-5	0.00190810557522124	8.29592991149412E-4
-0.059126027	1.8092583E-5	0.00160111353982301	8.43419732129969E-4
-0.060112511	2.1012152E-5	0.00185948247787611	8.47482889460134E-4
-0.06112165	1.8248846E-5	0.00161494212389381	8.36799986092459E-4
-0.062125641	1.983794E-5	0.00175556991150442	8.16747805428172E-4
-0.063136736	1.9165279E-5	0.00169604238938053	7.68702851348693E-4
-0.064120441	1.9325868E-5	0.00171025380530973	7.31433951976371E-4
-0.06513205	1.9710419E-5	0.00174428486725664	7.49483418631943E-4
-0.06613985	1.9629076E-5	0.00173708637168142	7.16793110810705E-4
-0.067129321	1.8684451E-5	0.00165349123893805	7.20119461506672E-4
-0.068130532	1.7312235E-5	0.00153205619469027	7.00143535084555E-4
-0.069128549	2.0076021E-5	0.00177663902654867	6.80353085536011E-4
-0.070132334	1.6990865E-5	0.00150361637168142	6.61165376450008E-4
-0.071128807	1.7585625E-5	0.00155625	6.60267115487306E-4
-0.072128988	1.7461533E-5	0.00154526840707965	6.49714494078694E-4
-0.073119283	1.6056645E-5	0.00142094203539823	6.47744819972787E-4
-0.074135322	1.7342077E-5	0.00153469707964602	6.12893708097932E-4
-0.075134575	1.9727622E-5	0.00174580725663717	5.99201493073033E-4
-0.076134241	2.075791E-5	0.00183698318584071	5.81551857962981E-4
-0.07714204	1.352693E-5	0.00119707345132743	5.68606300571259E-4
-0.078130278	1.7511265E-5	0.00154966946902655	5.47939780856772E-4
-0.07914172	1.4598582E-5	0.00129190991150443	5.28908261395471E-4
-0.08014339	2.0601932E-5	0.00182317982300885	5.13625257073643E-4
-0.081134144	1.7990835E-5	0.0015921092920354	4.87996647565101E-4
-0.082137771	1.5897371E-5	0.00140684699115044	4.74501284751333E-4
-0.083138511	1.5963142E-5	0.00141266743362832	4.47015268587328E-4
-0.084138843	1.3641957E-5	0.00120725283185841	4.32221995801354E-4
-0.085142263	1.3966381E-5	0.00123596292035398	4.01737716367322E-4
-0.086142697	1.7264631E-5	0.00152784345132743	3.88496206838849E-4
-0.08713963	1.4878199E-5	0.00131665477876106	3.64192825805736E-4
-0.088142535	1.4719825E-5	0.00130263938053097	3.63893921730286E-4
-0.089132981	1.3570039E-5	0.00120088840707965	3.770208338549E-4
-0.090146286	1.5365383E-5	0.00135976840707965	3.55188351584256E-4
-0.091140748	1.5550313E-5	0.00137613389380531	3.19148080761461E-4
-0.09213902	1.4170044E-5	0.00125398619469027	2.94140996569741E-4
-0.093140689	1.4438175E-5	0.00127771460176991	2.88243559083286E-4
-0.094144214	1.5258344E-5	0.00135029592920354	2.77906376806971E-4
-0.095135791	1.5338616E-5	0.0013573996460177	2.50800526105022E-4
-0.09613149	1.3330539E-5	0.00117969371681416	2.35894293073869E-4
-0.097125128	1.6278782E-5	0.00144060017699115	1.93494009822071E-4
-0.098127928	1.1143954E-5	9.86190619469027E-4	1.40454507065217E-4
-0.09913619	1.353328E-5	0.00119763539823009	1.14989517581825E-4
-0.10185245	1.1468468E-5	0.00101490867256637	7.89765977259164E-5
-0.10683228	1.0344327E-5	9.15427168141593E-4	3.2138983947833E-5
-0.1118949	8.3861094E-6	7.42133575221239E-4	-3.89401394390054E-5
-0.11693847	1.401234E-5	0.00124003008849558	-1.09428392838009E-4
-0.12193632	8.3498967E-6	7.38928911504425E-4	-1.79568728553554E-4
-0.12697079	1.0122793E-5	8.95822389380531E-4	-2.49191588599314E-4
-0.13197738	8.6970763E-6	7.69652769911504E-4	-3.35323820152676E-4
-0.13698707	9.2440685E-6	8.18059159292036E-4	-4.12425865937905E-4
-0.14199211	5.8011714E-6	5.13378E-4	-4.82496565064004E-4
-0.14700602	6.6846471E-6	5.91561690265487E-4	-5.87500579311494E-4
-0.15204456	7.1785832E-6	6.35272849557522E-4	-6.5996840104611E-4
-0.15707784	3.9474898E-6	3.49335380530973E-4	-7.32954740038979E-4
-0.16207279	1.589074E-6	1.40626017699115E-4	-8.2917444326037E-4
-0.1670697	8.0434109E-7	7.11806274336283E-5	-9.23294731469204E-4
-0.1720768	1.7279453E-6	1.52915513274336E-4	-0.00102487639302722
-0.17707289	1.6748963E-6	1.48220911504425E-4	-0.0011081772619086
-0.18207339	6.8582186E-7	6.06922E-5	-0.00117580459258657
-0.18706535	-2.4759487E-6	-2.19110504424779E-4	-0.00125857185111245
-0.19206864	-8.0640273E-7	-7.13630734513274E-5	-0.00132050002269053
-0.19707039	-2.63282E-6	-2.32992920353982E-4	-0.00139878669712745
-0.20205988	-4.8662039E-6	-4.30637513274336E-4	-0.00146294344159546
-0.20706617	-7.5467763E-7	-6.67856309734513E-5	-0.00153661248643517
-0.21206658	-3.2028336E-6	-2.83436601769912E-4	-0.00160168087750625
-0.21706523	-9.0329452E-6	-7.99375681415929E-4	-0.00165075242631709
-0.22210065	-2.9489372E-6	-2.6096789380531E-4	-0.001738008256766
-0.22711456	-4.5538841E-6	-4.02998592920354E-4	-0.00181243136985419
-0.23211128	-3.7776397E-6	-3.34304398230089E-4	-0.00190162328843659
-0.23715211	-9.8125842E-6	-8.68370283185841E-4	-0.0019795032143671
-0.24214874	-7.1444234E-6	-6.3224985840708E-4	-0.00205199212246901
-0.24715134	-9.2844758E-6	-8.21635026548672E-4	-0.00214248252024617
-0.25215891	-1.179063E-5	-0.0010434185840708	-0.00220023833216315
-0.25719542	-9.9727921E-6	-8.82547973451327E-4	-0.00227177750963381
-0.26220348	-1.1323992E-5	-0.00100212318584071	-0.00235275059978912
-0.26719855	-1.275631E-5	-0.00112887699115044	-0.00242237100771233
-0.27219962	-1.3586467E-5	-0.00120234221238938	-0.00247629280133277
-0.27719808	-1.5881516E-5	-0.00140544389380531	-0.00251476828183989
-0.28219269	-1.1197404E-5	-9.90920707964602E-4	-0.00259878680171071
-0.28719039	-1.5683603E-5	-0.00138792946902655	-0.00267803093709955
-0.29219015	-1.4137727E-5	-0.00125112628318584	-0.00272869926326379
-0.29719598	-1.5101106E-5	-0.0013363810619469	-0.00276738776285311
-0.30319266	-1.5485529E-5	-0.00137040079646018	-0.0028341995554482
-0.31068225	-1.1374557E-5	-0.00100659796460177	-0.0028761015932807
-0.31816804	-2.0243378E-5	-0.00179144938053097	-0.00294005608451847
-0.32569658	-1.6406481E-5	-0.00145190097345133	-0.00302530471197088
-0.33323345	-1.5482459E-5	-0.00137012911504425	-0.00310675367757442
-0.34073447	-1.9928844E-5	-0.00176361451327434	-0.00318853444286024
-0.34822695	-1.8622221E-5	-0.00164798415929204	-0.00323689117011113
-0.35572169	-2.3688729E-5	-0.00209634769911505	-0.00330869699093775
-0.3632118	-2.2626225E-5	-0.00200232079646018	-0.00340478164981877
-0.370709	-1.7222187E-5	-0.00152408734513274	-0.00346904179878005
-0.37820456	-2.2574181E-5	-0.00199771513274336	-0.00355189967008407
-0.38569852	-2.3261946E-5	-0.0020585792920354	-0.0036472711832545
-0.39319742	-2.4046844E-5	-0.0021280392920354	-0.0037176750833567
-0.40068787	-2.6892703E-5	-0.00237988522123894	-0.00378629818313539
-0.4081879	-2.5372598E-5	-0.00224536265486726	-0.0038356109490101
-0.41567465	-2.4241153E-5	-0.00214523477876106	-0.00392775791578124
-0.42317119	-2.2630395E-5	-0.00200268982300885	-0.00400138409485036
-0.43066926	-2.2595341E-5	-0.00199958769911504	-0.00404203192508596
-0.4381653	-3.0676549E-5	-0.00271473884955752	-0.00408929745794842
-0.44565876	-2.8690937E-5	-0.00253902097345133	-0.00413516531551955
-0.45315251	-2.751786E-5	-0.00243520884955752	-0.004228768086707
-0.46065203	-2.8960338E-5	-0.0025628617699115	-0.00429396069921506
-0.4681429	-3.0125053E-5	-0.00266593389380531	-0.00430461655191608
-0.47564242	-2.5881183E-5	-0.00229037017699115	-0.0043399027226684
-0.4831409	-3.0699389E-5	-0.00271676008849557	-0.00438328672021043
-0.49062807	-3.154092E-5	-0.00279123185840708	-0.00444892302238848
-0.49812382	-2.9724138E-5	-0.00263045469026549	-0.00451337204495791
-0.50562364	-2.9281865E-5	-0.00259131548672566	-0.00457994129378859
-0.51311516	-2.7845375E-5	-0.00246419247787611	-0.00459914100041077
-0.52061061	-3.1045555E-5	-0.00274739424778761	-0.00463861155404312
-0.52814067	-3.3625248E-5	-0.00297568566371682	-0.00466914711889577
-0.5356766	-3.2392216E-5	-0.00286656778761062	-0.00471586970748325
-0.54317988	-2.7526974E-5	-0.00243601539823009	-0.00475728300936363
-0.55067389	-3.105225E-5	-0.00274798672566372	-0.00480724608746509
-0.55816429	-3.5013701E-5	-0.00309855761061947	-0.00484808792603511
-0.56566067	-3.533077E-5	-0.00312661681415929	-0.00490773697062859
-0.57315807	-3.4796981E-5	-0.00307937884955752	-0.00492942265295263
-0.58072821	-3.0755218E-5	-0.0027217007079646	-0.00496221221066834
-0.58822077	-3.3338483E-5	-0.0029503082300885	-0.00500113073087886
-0.59570921	-3.1062011E-5	-0.00274885053097345	-0.00504128689013851
-0.60434347	-3.8676402E-5	-0.00342269044247788	-0.0050695981746186
-0.61434369	-3.2552796E-5	-0.00288077840707965	-0.00509752070612
-0.62433343	-3.134677E-5	-0.00277405044247788	-0.00512622813137332
-0.63432872	-3.5524696E-5	-0.00314377840707965	-0.00516712646736234
-0.64433853	-3.5516735E-5	-0.00314307389380531	-0.00520234143055219
-0.65432936	-3.2284151E-5	-0.00285700451327434	-0.00517686416691681
-0.66433173	-3.4695075E-5	-0.00307036061946903	-0.00516162293779978
-0.67433195	-3.1926926E-5	-0.00282539168141593	-0.00517819086115749
-0.68440872	-3.3346531E-5	-0.00295102044247788	-0.0052022727069354
-0.6944153	-3.5285826E-5	-0.00312263946902655	-0.00524247717687464
-0.70441809	-3.559779E-5	-0.00315024690265487	-0.00524999906937149
-0.71441162	-3.3483267E-5	-0.00296312097345133	-0.00528150084165189
-0.72440164	-3.4357708E-5	-0.00304050513274336	-0.0052910619745927
-0.73441978	-3.1110571E-5	-0.0027531478761062	-0.00533924878534523
-0.74440519	-3.2075194E-5	-0.00283851274336283	-0.005352283416501
-0.75440742	-3.1489269E-5	-0.00278666097345133	-0.00532259946007923
-0.76440571	-3.0401324E-5	-0.00269038265486726	-0.00535697157276282
-0.77439771	-3.5523058E-5	-0.00314363345132743	-0.00541788470261622
-0.78439477	-3.6585096E-5	-0.00323761911504425	-0.00544477359583301
-0.7944051	-3.5345536E-5	-0.00312792353982301	-0.0054562841359661
-0.80438671	-3.5592579E-5	-0.00314978575221239	-0.00548567818225692
-0.81439067	-3.2827306E-5	-0.00290507132743363	-0.00550572450439254
-0.82438607	-3.4530965E-5	-0.00305583761061947	-0.005532147203091
-0.83440693	-3.1705537E-5	-0.00280579973451327	-0.0055635253545219
-0.84447733	-3.2150991E-5	-0.00284522044247788	-0.00558034414683017
-0.8544816	-3.2442176E-5	-0.00287098902654867	-0.00562318254066586
-0.86447875	-3.3445671E-5	-0.00295979389380531	-0.00564875963660997
-0.87447378	-4.0979779E-5	-0.00362652911504425	-0.00567859738060191
-0.88447025	-3.4624011E-5	-0.00306407176991151	-0.00567831423346746
-0.8944706	-2.9645109E-5	-0.00262346097345133	-0.00567135326435277
-0.90447383	-3.1614686E-5	-0.00279775982300885	-0.00568901587244162
-0.91446378	-3.7109293E-5	-0.0032840082300885	-0.00572500762917679
-0.924463	-3.0987928E-5	-0.00274229451327434	-0.0057233870573174
-0.93446015	-3.3065211E-5	-0.00292612486725664	-0.00575782277405253
-0.94446336	-3.4021538E-5	-0.00301075557522124	-0.00575920562192242
-0.95446372	-3.4355562E-5	-0.00304031522123894	-0.005753447717441
-0.96445553	-3.5942956E-5	-0.00318079256637168	-0.00573834348283987
-0.97445227	-3.2258683E-5	-0.0028547507079646	-0.00568837252463508
-0.98445262	-3.1115692E-5	-0.0027536010619469	-0.00564316674451803
-0.99443906	-2.9120978E-5	-0.00257707769911504	-0.00562170382860159
-0.99469044	-3.2597484E-5	-0.00288473309734513	-0.00564534252376929
-0.98469143	-3.1428849E-5	-0.00278131407079646	-0.00563648448874354
-0.97470633	-3.0938577E-5	-0.00273792716814159	-0.00560692587585445
-0.96471978	-2.8118014E-5	-0.00248831982300885	-0.00557161333346152
-0.95472922	-3.4084775E-5	-0.0030163517699115	-0.0055719961642257
-0.94475133	-2.7477798E-5	-0.00243166353982301	-0.00554860457103319
-0.93475551	-2.9390837E-5	-0.00260095902654867	-0.00553866622944785
-0.92477536	-3.1591879E-5	-0.00279574150442478	-0.00554084434275978
-0.91479016	-2.948756E-5	-0.0026095185840708	-0.00553203219252773
-0.90479866	-3.5747197E-5	-0.00316346876106195	-0.00554972796908678
-0.89482077	-3.5727809E-5	-0.00316175300884956	-0.00557453999648484
-0.88482701	-3.2352932E-5	-0.00286309132743363	-0.00557885750430016
-0.87485064	-3.2650334E-5	-0.00288941008849558	-0.00560798202995525
-0.86485715	-3.4329947E-5	-0.00303804840707965	-0.00564044928029737
-0.85485989	-3.3060261E-5	-0.00292568681415929	-0.00567995792019716
-0.84488231	-3.5532284E-5	-0.00314444991150442	-0.00569576457958813
-0.83490277	-3.5786372E-5	-0.00316693557522124	-0.00571119955870967
-0.82491428	-3.5399479E-5	-0.00313269725663717	-0.00573667541858944
-0.81492134	-3.5361685E-5	-0.00312935265486726	-0.00573492762274367
-0.80494086	-3.4988002E-5	-0.00309628336283186	-0.00572850892155541
-0.79495834	-3.9407207E-5	-0.00348736345132743	-0.00573134070248618
-0.78496964	-3.9331525E-5	-0.00348066592920354	-0.00570532301382609
-0.77498403	-3.6644582E-5	-0.00324288336283186	-0.00573553175656345
-0.765002	-4.1004E-5	-0.00362867256637168	-0.00573855931536331
-0.75499825	-3.5026158E-5	-0.00309966	-0.005745926655578
-0.74492109	-3.7891439E-5	-0.00335322469026549	-0.00574015920413397
-0.73493577	-3.5637092E-5	-0.00315372495575221	-0.00575630954513717
-0.72495678	-3.9644948E-5	-0.00350840247787611	-0.00572622680339721
-0.71496872	-3.6172867E-5	-0.00320113867256637	-0.0057206152483131
-0.7049824	-3.9995444E-5	-0.00353941982300885	-0.00570395847818313
-0.69499342	-3.8248708E-5	-0.0033848414159292	-0.00567785896019517
-0.68501701	-3.9464886E-5	-0.00349246778761062	-0.00565981074562336
-0.67501989	-3.9042631E-5	-0.00345510008849558	-0.0056359474081677
-0.66505314	-4.1577626E-5	-0.00367943592920354	-0.00564498016578707
-0.65506497	-3.6680355E-5	-0.00324604911504425	-0.00565282455950346
-0.6450694	-4.2317181E-5	-0.00374488327433628	-0.00564835910012464
-0.63508186	-3.816931E-5	-0.00337781504424779	-0.00566986228250476
-0.62509449	-3.9601023E-5	-0.00350451530973451	-0.00564557906682683
-0.61510548	-3.5575131E-5	-0.00314824168141593	-0.00563670022307311
-0.6051203	-4.1686222E-5	-0.00368904619469027	-0.0056167025949816
-0.59665807	-3.9060637E-5	-0.00345669353982301	-0.00561928296842829
-0.58911359	-4.1109835E-5	-0.00363803849557522	-0.00561370309873891
-0.58161453	-4.2782431E-5	-0.00378605584070797	-0.00561430457765768
-0.57411105	-4.1299821E-5	-0.0036548514159292	-0.00559090748282302
-0.56662291	-4.1555494E-5	-0.00367747734513274	-0.00557535846762298
-0.55912273	-3.9725717E-5	-0.00351555017699115	-0.00556112694276586
-0.55162841	-4.0341193E-5	-0.00357001707964602	-0.00556537419390382
-0.54414182	-3.9866556E-5	-0.00352801380530973	-0.00552663949804987
-0.53662144	-3.9395438E-5	-0.00348632194690266	-0.00551489275299684
-0.52906748	-4.2058701E-5	-0.0037220089380531	-0.00550250132614457
-0.5215744	-4.1877231E-5	-0.0037059496460177	-0.0055128055892709
-0.51407905	-4.1352446E-5	-0.00365950849557522	-0.0054811566960607
-0.50657085	-4.0799048E-5	-0.00361053522123894	-0.0054882600230841
-0.49908644	-3.7834863E-5	-0.00334821796460177	-0.0054781073345027
-0.49158536	-3.9206962E-5	-0.00346964265486726	-0.00546591103630527
-0.48408801	-4.1826395E-5	-0.00370145088495575	-0.0054850314147546
-0.47660373	-4.1794355E-5	-0.00369861548672566	-0.00549872674039782
-0.46911235	-4.1306928E-5	-0.0036554803539823	-0.00550995507133133
-0.46161211	-4.0721587E-5	-0.00360368026548673	-0.00550144305123678
-0.45412247	-4.4219714E-5	-0.00391324902654867	-0.00549693333518758
-0.4466142	-4.6278269E-5	-0.00409542203539823	-0.00548359416671605
-0.43912426	-4.3730805E-5	-0.00386998274336283	-0.00545941174286608
-0.43163387	-4.0575759E-5	-0.00359077513274336	-0.00547266916556776
-0.42413714	-4.3295822E-5	-0.00383148867256637	-0.00547506039490188
-0.41663267	-4.1531187E-5	-0.00367532628318584	-0.00543949020611176
-0.40913295	-4.1838298E-5	-0.00370250424778761	-0.00541241695568449
-0.40164702	-4.437958E-5	-0.00392739646017699	-0.00537201146602535
-0.39410447	-4.0788789E-5	-0.00360962734513274	-0.00532446497422392
-0.38658734	-4.0106072E-5	-0.00354920991150443	-0.00527896021753655
-0.37909236	-4.0313914E-5	-0.00356760300884956	-0.00525737929818899
-0.3715929	-4.1676435E-5	-0.00368818008849558	-0.00520394750185603
-0.3640941	-4.0896812E-5	-0.00361918690265487	-0.00515243298944164
-0.3566011	-4.1351558E-5	-0.00365942991150443	-0.00511719558289642
-0.34910585	-4.2207627E-5	-0.0037351882300885	-0.00510316018698882
-0.34156837	-3.6665383E-5	-0.00324472415929204	-0.00510118162049414
-0.33404066	-3.6829802E-5	-0.00325927451327434	-0.00504089345525603
-0.32654159	-4.2934074E-5	-0.00379947557522124	-0.00500777253252663
-0.31904683	-4.0951068E-5	-0.00362398831858407	-0.00498735255570278
-0.31155044	-3.9153396E-5	-0.00346490230088496	-0.00497683646808998
-0.30405755	-3.999819E-5	-0.00353966283185841	-0.00495484192435906
-0.29787395	-4.1617054E-5	-0.00368292513274336	-0.00492575731428963
-0.29289098	-3.6305089E-5	-0.00321283973451327	-0.0049125475107727
-0.28788968	-4.0807504E-5	-0.00361128353982301	-0.00490443065418637
-0.28289538	-3.9385231E-5	-0.00348541867256637	-0.00489084820240526
-0.27790499	-3.9827389E-5	-0.00352454769911504	-0.00487139725899419
-0.27290576	-3.9119458E-5	-0.0034618989380531	-0.00485441096253383
-0.26791952	-3.4610621E-5	-0.00306288681415929	-0.00483125058840407
-0.26292404	-4.2347052E-5	-0.00374752672566372	-0.0047897599946992
-0.25793289	-4.1309648E-5	-0.0036557210619469	-0.00474127619532207
-0.25293544	-3.7834764E-5	-0.00334820920353982	-0.00472786657261293
-0.2479354	-3.5666379E-5	-0.00315631672566372	-0.00473040956959497
-0.24294021	-4.1107649E-5	-0.00363784504424779	-0.0046978649184824
-0.23794029	-4.0446759E-5	-0.00357935920353982	-0.00468066743368105
-0.23290079	-3.673688E-5	-0.00325105132743363	-0.00467077139136296
-0.22788882	-3.4809593E-5	-0.00308049495575221	-0.00462947238480191
-0.22289716	-3.6410474E-5	-0.00322216584070797	-0.00460302644140722
-0.21790124	-3.6569321E-5	-0.00323622309734513	-0.00454403617951235
-0.21284028	-3.6502965E-5	-0.00323035088495575	-0.00452159929749492
-0.20784729	-3.9402316E-5	-0.00348693061946903	-0.00450091856618432
-0.20284781	-3.750279E-5	-0.00331883097345133	-0.00443438347243979
-0.19784451	-3.7782589E-5	-0.00334359194690265	-0.00440072086284914
-0.19285347	-3.7376861E-5	-0.00330768681415929	-0.00436896124269879
-0.18785358	-3.2322133E-5	-0.00286036575221239	-0.0043207822639481
-0.18283896	-3.618215E-5	-0.00320196017699115	-0.00426111304896674
-0.17781005	-3.3443555E-5	-0.00295960663716814	-0.00421645614418606
-0.17281071	-3.3062007E-5	-0.00292584132743363	-0.00419866825521969
-0.16780721	-3.2249869E-5	-0.0028539707079646	-0.00414549980863041
-0.16280031	-3.2543871E-5	-0.0028799885840708	-0.00408326588265318
-0.15781681	-3.7637301E-5	-0.00333073460176991	-0.00401473278101264
-0.15281598	-3.1429125E-5	-0.00278133849557522	-0.003950373376941
-0.14780722	-2.9028725E-5	-0.00256891371681416	-0.00390023188221845
-0.14281495	-3.0817197E-5	-0.00272718557522124	-0.00384062200451096
-0.13781073	-3.1510526E-5	-0.00278854212389381	-0.00379040620526385
-0.13282279	-3.0846396E-5	-0.00272976955752212	-0.00375941232715916
-0.12781579	-3.0348929E-5	-0.00268574592920354	-0.00370848762298168
-0.12280151	-2.8997566E-5	-0.00256615628318584	-0.00366047384615599
-0.11777507	-3.1414872E-5	-0.00278007716814159	-0.00363119352691862
-0.11277156	-2.6239593E-5	-0.0023220878761062	-0.00362682895701861
-0.10776516	-2.8573886E-5	-0.00252866247787611	-0.00357410593742129
-0.10276876	-2.7132468E-5	-0.00240110336283186	-0.00352600260542521
-0.099573539	-2.8919693E-5	-0.00255926486725664	-0.00348459717664227
-0.098566926	-2.8069124E-5	-0.00248399327433628	-0.00346808080330326
-0.097565978	-2.4594162E-5	-0.00217647451327434	-0.00342004481461455
-0.096573885	-2.9785561E-5	-0.0026358903539823	-0.00337417253451431
-0.095561401	-2.7859552E-5	-0.00246544707964602	-0.00333230675292069
-0.094582179	-2.5438571E-5	-0.00225120097345133	-0.00331009788257471
-0.093572992	-3.0501091E-5	-0.00269921159292035	-0.00328351973428334
-0.092570912	-2.5933147E-5	-0.00229496876106195	-0.00328353205325992
-0.091578613	-2.6543949E-5	-0.00234902203539823	-0.00326760676162053
-0.090593213	-1.8471484E-5	-0.00163464460176991	-0.00327824748531582
-0.089585572	-2.6120271E-5	-0.00231152840707965	-0.00327326282258928
-0.088583797	-2.475287E-5	-0.00219051946902655	-0.00325222253942212
-0.087586041	-2.3780961E-5	-0.00210450982300885	-0.00325180224184802
-0.086586327	-2.5787559E-5	-0.00228208486725664	-0.00327723137114681
-0.085584244	-2.7919207E-5	-0.00247072628318584	-0.00327790319447017
-0.084577429	-2.6071587E-5	-0.00230722008849558	-0.00326649966511314
-0.083589145	-2.8063392E-5	-0.00248348601769912	-0.00328447426018666
-0.08258521	-2.6763425E-5	-0.00236844469026549	-0.00331188825518292
-0.08157901	-2.885839E-5	-0.00255383982300885	-0.00332398793269899
-0.080583931	-2.4808602E-5	-0.00219545150442478	-0.0033266972511018
-0.079586277	-2.7258648E-5	-0.00241226973451327	-0.00331846585761429
-0.07858955	-2.6096118E-5	-0.00230939097345133	-0.00331221481991897
-0.077592653	-2.4138544E-5	-0.00213615433628319	-0.00324919751363481
-0.076594223	-3.002142E-5	-0.00265676283185841	-0.00322407836181021
-0.075595587	-2.574755E-5	-0.00227854424778761	-0.00317767940056307
-0.07460354	-2.2338831E-5	-0.00197688769911504	-0.00314775830941752
-0.07359811	-2.6197777E-5	-0.00231838734513274	-0.00312020075522676
-0.072598856	-2.4764634E-5	-0.00219156053097345	-0.00308378339121516
-0.07158673	-2.4267145E-5	-0.00214753495575221	-0.00305509579377065
-0.070600554	-2.0280139E-5	-0.00179470256637168	-0.00304998072839122
-0.069590488	-1.8654965E-5	-0.00165088185840708	-0.00302159643773891
-0.068597825	-2.5109101E-5	-0.00222204433628319	-0.00302743173747399
-0.067604235	-2.3436382E-5	-0.00207401610619469	-0.00300382842788799
-0.066607452	-2.353035E-5	-0.00208233185840708	-0.00300954309333772
-0.065609333	-2.4697082E-5	-0.00218558247787611	-0.00301922982536606
-0.064608432	-2.3813549E-5	-0.00210739371681416	-0.00299686947833148
-0.063603926	-2.6571234E-5	-0.00235143663716814	-0.00302778054623098
-0.062608277	-2.1807505E-5	-0.00192986769911504	-0.00301708190478673
-0.06160995	-2.2000453E-5	-0.00194694274336283	-0.00299123821419066
-0.060608843	-2.6210761E-5	-0.00231953637168142	-0.00299613824373492
-0.059615047	-2.3841805E-5	-0.00210989424778761	-0.00298140505016289
-0.058611881	-2.1553073E-5	-0.00190735159292035	-0.0029851067400981
-0.057613759	-2.5283054E-5	-0.00223743840707965	-0.00296874430550711
-0.056614815	-2.2056549E-5	-0.00195190699115044	-0.0029141027360972
-0.055614942	-2.4073182E-5	-0.00213037008849558	-0.00288209095050568
-0.054607348	-2.1244914E-5	-0.00188008088495575	-0.00285864239573
-0.053615096	-1.8927974E-5	-0.00167504194690266	-0.00284613179053122
-0.052605135	-2.231326E-5	-0.00197462477876106	-0.00283273770409384
-0.051608249	-1.8469606E-5	-0.00163447840707965	-0.00282976891087804
-0.050608473	-2.2845747E-5	-0.00202174752212389	-0.00284342105325097
-0.04974576	-2.2559727E-5	-0.00199643601769912	-0.00281459706859069
-0.048758245	-2.0695448E-5	-0.00183145557522124	-0.00277127421748655
-0.047759093	-2.3771777E-5	-0.00210369707964602	-0.00276885847613123
-0.046762621	-2.0297553E-5	-0.00179624362831858	-0.00274572615602481
-0.045760587	-1.8703648E-5	-0.00165519008849558	-0.00272488334889942
-0.044758552	-2.2152718E-5	-0.00196041752212389	-0.00271948656882866
-0.043756828	-2.4357782E-5	-0.00215555592920354	-0.0027296303577942
-0.042760973	-2.1979738E-5	-0.00194510955752212	-0.00273695870273804
-0.041761204	-1.9748532E-5	-0.00174765769911504	-0.00274695342381966
-0.040761025	-2.0945863E-5	-0.00185361619469027	-0.00271895432747192
-0.039765787	-1.7782027E-5	-0.0015736307079646	-0.00272375993903223
-0.038746866	-1.6865438E-5	-0.00149251663716814	-0.00268841885574748
-0.037763161	-1.9663124E-5	-0.00174009946902655	-0.00269118966124213
-0.036754537	-2.2513867E-5	-0.00199237761061947	-0.00269181339903391
-0.035746428	-2.0043672E-5	-0.00177377628318584	-0.00269644461261176
-0.034736361	-2.3090631E-5	-0.00204341867256637	-0.00269145585393605
-0.033735151	-2.1303871E-5	-0.00188529831858407	-0.00268486519660112
-0.032732499	-2.3464861E-5	-0.00207653637168142	-0.00264565275595048
-0.03173232	-1.8192728E-5	-0.00160997592920354	-0.00263677069429963
-0.030737185	-2.0950492E-5	-0.00185402584070797	-0.00264627908015646
-0.029735358	-1.7684727E-5	-0.00156502008849558	-0.0026571626406287
-0.028734147	-2.1711106E-5	-0.00192133681415929	-0.00263351094707242
-0.027740351	-1.8626636E-5	-0.00164837486725664	-0.00264827904502389
-0.026744186	-2.189803E-5	-0.00193787876106195	-0.00263015856107453
-0.025742771	-1.8943706E-5	-0.00167643415929204	-0.00259005872858467
-0.024741252	-1.9190562E-5	-0.00169827982300885	-0.00256712430508343
-0.023740199	-1.5767803E-5	-0.00139538079646018	-0.00255102821537999
-0.022737494	-2.0458834E-5	-0.00181051628318584	-0.00251666232585412
-0.021733891	-1.7478295E-5	-0.0015467517699115	-0.00249492057043655
-0.020744375	-2.1398721E-5	-0.00189369212389381	-0.00248526092945881
-0.019736557	-1.9346672E-5	-0.00171209486725664	-0.00246933179589895
-0.01873789	-1.8996577E-5	-0.00168111300884956	-0.00243977353840779
-0.017744363	-1.6860333E-5	-0.00149206486725664	-0.0024384355832436
-0.016742612	-2.1215848E-5	-0.00187750867256637	-0.00239284248557883
-0.015745179	-1.4822722E-5	-0.00131174530973451	-0.00237924635612869
-0.014740651	-1.6070979E-5	-0.00142221053097345	-0.00235359719491943
-0.013744657	-1.7275436E-5	-0.0015287996460177	-0.0023345153038655
-0.012747737	-1.5108636E-5	-0.00133704743362832	-0.00230722404845403
-0.01173745	-1.5899464E-5	-0.00140703221238938	-0.0022770851386169
-0.010743409	-1.6603891E-5	-0.00146937088495575	-0.00221832013487954
-0.009754098	-1.7673966E-5	-0.00156406778761062	-0.00220505418228523
-0.0087459716	-1.3896364E-5	-0.00122976672566372	-0.0021348370321028
-0.0077494638	-1.7801851E-5	-0.00157538504424779	-0.00213152413040293
-0.0067457585	-1.5524162E-5	-0.0013738196460177	-0.00212463213119489
-0.0057417448	-1.1946243E-5	-0.0010571896460177	-0.00213816452195936
-0.0047503778	-1.6070602E-5	-0.00142217716814159	-0.00212305589962834
-0.003741943	-1.395381E-5	-0.00123485044247788	-0.00212170813855055
-0.0027425561	-1.2644472E-5	-0.00111897982300885	-0.00210842517037461
-0.0017448143	-1.4592968E-5	-0.00129141309734513	-0.00209483396408411
-7.4357673E-4	-1.3522918E-5	-0.00119671840707965	-0.00208707330829401
2.1821178E-4	-1.4221326E-5	-0.00125852442477876	-0.00207990795295239
0.0012130899	-1.6060047E-5	-0.00142124309734513	-0.00205870829670384
0.0022151853	-1.209427E-5	-0.00107028938053097	-0.00204335137017759
0.0032086223	-2.1035201E-5	-0.00186152221238938	-0.00204612933744544
0.0042192729	-1.4464332E-5	-0.00128002938053097	-0.00202806126845428
0.0052179667	-1.4225027E-5	-0.00125885194690266	-0.00204127453421125
0.0062086208	-1.0050843E-5	-8.89455132743363E-4	-0.00201337133088646
0.0072122624	-1.2667665E-5	-0.00112103230088496	-0.00198979737421171
0.0082143576	-1.5585841E-5	-0.00137927796460177	-0.00198548913501448
0.0092145975	-1.2200353E-5	-0.00107967725663717	-0.00193993205263864
0.010200201	-1.2815925E-5	-0.00113415265486726	-0.00190109643870113
0.011221674	-1.2997906E-5	-0.00115025716814159	-0.00186928657249514
0.012211608	-1.0206091E-5	-9.0319389380531E-4	-0.0018182885245395
0.01320917	-1.2958305E-5	-0.00114675265486726	-0.0017754366015474
0.014212503	-1.2854467E-5	-0.00113756345132743	-0.00172831289276755
0.015210372	-1.0900727E-5	-9.6466610619469E-4	-0.00168470287687394
0.016215766	-1.0544872E-5	-9.33174513274336E-4	-0.00170898203123847
0.017208583	-7.7097342E-6	-6.82277362831858E-4	-0.00170131358285544
0.018216761	-1.329818E-5	-0.00117683008849558	-0.00170414086645706
0.019207003	-8.1629489E-6	-7.2238485840708E-4	-0.00167722512647679
0.020203738	-6.9283558E-6	-6.13128831858407E-4	-0.00165698646868595
0.021194908	-1.2144612E-5	-0.00107474442477876	-0.00164899350805943
0.022206847	-9.0832096E-6	-8.0382385840708E-4	-0.00164963832372514
0.023209406	-8.7998702E-6	-7.78749575221239E-4	-0.00164247027082583
0.024226138	-1.111745E-5	-9.83845132743363E-4	-0.00163383665879273
0.025214696	-1.0471221E-5	-9.26656725663717E-4	-0.00162099927947911
0.026198415	-1.4572222E-5	-0.00128957716814159	-0.00162796450917603
0.027219807	-1.1195718E-5	-9.90771504424779E-4	-0.0016156338932799
0.028214224	-8.6305377E-6	-7.63764398230088E-4	-0.00160703617080135
0.02921173	-9.605518E-6	-8.50045840707965E-4	-0.00159474921618286
0.030205375	-7.6576197E-6	-6.77665460176991E-4	-0.00154918176088927
0.0312157	-8.3110844E-6	-7.35494194690266E-4	-0.00155440548894687
0.032206822	-9.021135E-6	-7.98330530973451E-4	-0.00151749560697474
0.033211946	-1.0682611E-5	-9.45363805309734E-4	-0.00146947603907287
0.034208525	-6.2161379E-6	-5.50100699115044E-4	-0.00146883161940896
0.03520423	-7.8875124E-6	-6.98009946902655E-4	-0.0014354033136185
0.036206833	-8.7677977E-6	-7.75911300884956E-4	-0.00137318203386083
0.037209796	-6.5307903E-6	-5.77946044247788E-4	-0.00133835682860738
0.038191909	-4.6881935E-6	-4.14884380530973E-4	-0.00130205152762528
0.039199556	-8.3924526E-6	-7.42694920353982E-4	-0.00129099638327507
0.040204475	-5.9652639E-6	-5.27899460176991E-4	-0.001261906454867
0.041195803	-5.6709065E-6	-5.01850132743363E-4	-0.00124424869420522
0.042200001	-8.3841156E-6	-7.41957132743363E-4	-0.00120640118782664
0.043199155	-4.163195E-6	-3.68424336283186E-4	-0.00117673747111047
0.044205824	-6.4360761E-6	-5.69564256637168E-4	-0.00115626669134002
0.045202558	-6.0196477E-6	-5.32712185840708E-4	-0.0011412762048341
0.046192496	-9.4358288E-7	-8.35029097345133E-5	-0.00115710100826376
0.047195511	-2.5395593E-6	-2.24739761061947E-4	-0.00114500067989312
0.048196415	-6.8984295E-6	-6.10480486725664E-4	-0.00113174668256093
0.04919773	-4.2441335E-6	-3.7558703539823E-4	-0.00112499688412156
0.050333773	-3.9453312E-6	-3.49144353982301E-4	-0.00108315118799944
0.051346054	-4.3477734E-6	-3.84758707964602E-4	-0.00104398641209563
0.052351545	-6.2108422E-6	-5.49632053097345E-4	-0.00100876488667675
0.053352195	-1.9251436E-6	-1.70366690265487E-4	-9.64939171996978E-4
0.054337449	-7.1175946E-6	-6.29875628318584E-4	-9.52987499966573E-4
0.055345045	-4.5313834E-6	-4.01007380530973E-4	-9.46372733653414E-4
0.056324688	-3.4807891E-6	-3.08034433628319E-4	-9.1277090740979E-4
0.05733007	-3.3690998E-6	-2.98150424778761E-4	-9.12801546748129E-4
0.058327576	6.5842879E-7	5.82680345132743E-5	-8.98337930268447E-4
0.059366886	9.8385356E-7	8.70666867256637E-5	-8.55229161800098E-4
0.060240475	4.1391871E-7	3.66299743362832E-5	-8.20322754837738E-4
0.061353402	1.3533927E-6	1.19769265486726E-4	-8.09859010033857E-4
0.062334279	-3.0313748E-6	-2.68263256637168E-4	-7.74923848162981E-4
0.063334514	-4.7480408E-7	-4.20180601769912E-5	-7.34844003340642E-4
0.064336448	-3.906367E-6	-3.45696194690265E-4	-7.08262640742269E-4
0.065335962	-4.7802555E-6	-4.23031460176991E-4	-7.1068758677223E-4
0.066340724	1.2351647E-6	1.09306610619469E-4	-6.6653917475145E-4
0.067336687	-5.3163155E-7	-4.70470398230089E-5	-6.66506753790908E-4
0.068342327	-1.9339441E-6	-1.71145495575221E-4	-6.49277544558505E-4
0.069328609	2.2780517E-6	2.01597495575221E-4	-6.68010406231653E-4
0.070343156	-3.3705201E-9	-2.98276115044248E-7	-6.75331550211801E-4
0.071336338	2.4728043E-7	2.18832238938053E-5	-6.5993207176369E-4
0.072319739	1.6313002E-6	1.44362849557522E-4	-6.41724600775489E-4
0.07333171	2.3704691E-6	2.09776026548673E-4	-6.16981680906945E-4
0.074339513	1.2737395E-7	1.12720309734513E-5	-5.96356389440689E-4
0.075333673	-1.1323926E-6	-1.00211734513274E-4	-5.80601976624723E-4
0.076329273	2.803572E-7	2.48103716814159E-5	-5.5555047554298E-4
0.077337744	3.4110416E-6	3.01862088495575E-4	-5.54417551755823E-4
0.078315737	-1.4940723E-6	-1.32218787610619E-4	-5.64211816373984E-4
0.079341765	7.6398768E-8	6.76095292035398E-6	-5.5377843459394E-4
0.080317529	-2.9746007E-6	-2.63239E-4	-5.42226476975032E-4
0.081328702	3.6738355E-6	3.25118185840708E-4	-5.4085690055332E-4
0.082331948	1.4917505E-6	1.32013318584071E-4	-5.37014857098771E-4
0.083316714	1.3315185E-6	1.17833495575221E-4	-5.08088310701315E-4
0.084325725	2.1274433E-6	1.88269318584071E-4	-4.89231314114818E-4
0.085320838	1.2279295E-6	1.08666327433628E-4	-4.55648613113596E-4
0.086326608	4.2943806E-6	3.80033681415929E-4	-4.0822684893761E-4
0.087330576	1.4398577E-6	1.2742103539823E-4	-3.76968844516974E-4
0.088326306	1.9287161E-6	1.70682840707965E-4	-3.63494704819198E-4
0.089328113	2.5577582E-6	2.26350283185841E-4	-3.41437905256916E-4
0.090305773	2.3657652E-6	2.09359752212389E-4	-3.16455496060341E-4
0.09133198	4.4555862E-6	3.94299663716814E-4	-3.19191532750307E-4
0.092328019	3.2130814E-6	2.84343486725664E-4	-2.82565177953923E-4
0.093326838	3.4925752E-6	3.09077451327434E-4	-3.09563662206482E-4
0.09433302	8.4652093E-6	7.49133566371681E-4	-2.70728001703702E-4
0.095326639	2.804278E-6	2.48166194690265E-4	-2.39323646296724E-4
0.096312073	5.0163063E-6	4.43920911504425E-4	-1.9354396005865E-4
0.097305643	4.2180488E-6	3.73278654867257E-4	-1.62359182827189E-4
0.098308222	2.8489854E-6	2.52122601769912E-4	-1.33454394176259E-4
0.099325112	3.6285271E-6	3.21108592920354E-4	-6.89486569553725E-5
0.10192965	5.3520373E-6	4.73631619469027E-4	-1.32444583782805E-5
0.10689282	4.9080368E-6	4.34339539823009E-4	5.30526579980135E-5
0.11189268	8.6751465E-6	7.67712079646018E-4	1.10813085612286E-4
0.11689842	1.0756214E-5	9.51877345132743E-4	1.57726019242028E-4
0.12189776	5.1640879E-6	4.5699892920354E-4	2.22580956681873E-4
0.12688915	1.4312552E-5	0.00126659752212389	2.90914114314399E-4
0.13188729	1.0386884E-5	9.19193274336283E-4	3.60931785764045E-4
0.13690217	1.1304546E-5	0.00100040230088496	4.6476699847204E-4
0.14189038	9.2096365E-6	8.15012079646018E-4	5.52644106270004E-4
0.1468892	1.3829611E-5	0.00122385938053097	6.40794026578795E-4
0.15188617	1.529476E-5	0.0013535185840708	7.16134748064417E-4
0.15688355	1.3661399E-5	0.00120897336283186	7.82462767208981E-4
0.16188268	1.3786655E-5	0.00122005796460177	8.49966540671842E-4
0.16688237	1.2588081E-5	0.00111398946902655	9.23028098440984E-4
0.17188582	1.524524E-5	0.00134913628318584	9.96785122767318E-4
0.17688268	1.8324169E-5	0.00162160787610619	0.00106944683447079
0.18187611	1.8944142E-5	0.00167647274336283	0.00115916199086513
0.18687813	1.8678896E-5	0.0016529996460177	0.00120810685769103
0.19186702	1.9727881E-5	0.00174583017699115	0.00131863476953995
0.19686595	2.0353904E-5	0.00180123044247788	0.00139672219519652
0.20191139	1.8866268E-5	0.00166958123893805	0.00147242121397586
0.20692366	2.1194165E-5	0.00187558982300885	0.00155877538953022
0.21192352	2.3618692E-5	0.00209014973451328	0.00165672247080298
0.21692204	2.4312359E-5	0.00215153619469027	0.00176104322642158
0.22191856	2.4638544E-5	0.00218040212389381	0.00185547703335685
0.2269067	2.5090217E-5	0.00222037318584071	0.00194866325984074
0.23191913	2.377717E-5	0.00210417433628319	0.00202158322403712
0.23690719	2.7557395E-5	0.00243870752212389	0.00209582720204209
0.24191064	2.7605987E-5	0.00244300769911504	0.00216041827334761
0.24691744	2.9941442E-5	0.00264968513274336	0.00222872112561449
0.25191406	2.8054454E-5	0.00248269504424779	0.00231166472743974
0.25690697	3.1410732E-5	0.00277971079646018	0.0023943139133216
0.26191012	3.3945089E-5	0.00300399017699115	0.00248231252496368
0.26690023	2.9773832E-5	0.00263485238938053	0.0025344388837248
0.2719061	3.1509332E-5	0.00278843646017699	0.00258566893575413
0.27690253	3.2179105E-5	0.00284770840707965	0.00264634427614172
0.28195738	3.2363866E-5	0.0028640589380531	0.00270933600239579
0.28694017	3.1726649E-5	0.00280766805309735	0.00277679957366498
0.29195538	3.2544385E-5	0.00288003407079646	0.00284126298311156
0.29695819	3.3156153E-5	0.00293417283185841	0.00287340667165719
0.30298023	3.7817762E-5	0.00334670460176991	0.00296294000397786
0.31054749	3.8744238E-5	0.00342869362831858	0.00302271232410235
0.31804308	3.583232E-5	0.0031710017699115	0.0030845784356522
0.32553714	3.6111536E-5	0.00319571115044248	0.00315583946295004
0.33303716	3.4484342E-5	0.00305171168141593	0.00323433465173723
0.34053847	3.8194466E-5	0.00338004123893805	0.00334411800769436
0.34803025	3.9871425E-5	0.00352844469026549	0.00343332231181551
0.35552191	4.055682E-5	0.00358909911504425	0.00351151504268876
0.36301643	4.1182717E-5	0.0036444882300885	0.00359167653600477
0.37051511	4.0755863E-5	0.00360671353982301	0.00365839324099306
0.37801188	4.1563692E-5	0.00367820283185841	0.00371623661227038
0.38549918	4.6488661E-5	0.00411404079646018	0.0037840182275798
0.39299272	3.9176605E-5	0.00346695619469027	0.00381392629844316
0.40049381	4.4228984E-5	0.00391406938053097	0.00388022527732176
0.4079876	4.7196644E-5	0.00417669415929204	0.00394922612202524
0.41548129	4.4101297E-5	0.0039027696460177	0.00399987102271071
0.42298984	4.6235777E-5	0.00409166168141593	0.00405801249880316
0.4304752	4.3700986E-5	0.00386734389380531	0.00408691176327566
0.43797739	4.2737455E-5	0.00378207566371681	0.00413811305081398
0.44546142	4.5325183E-5	0.00401107814159292	0.00419975198181119
0.45295855	4.4893174E-5	0.00397284725663717	0.00427845475857597
0.46045738	4.6897333E-5	0.00415020646017699	0.00432758425861279
0.46794844	4.7101005E-5	0.00416823053097345	0.00436715317032037
0.47544568	4.4285841E-5	0.00391910097345133	0.00442597544016743
0.48294029	5.073703E-5	0.00449000265486726	0.00450113155894439
0.49046428	4.8876046E-5	0.00432531380530974	0.00453439665350109
0.49799817	5.0205726E-5	0.00444298460176991	0.00458727029209311
0.50549973	5.132893E-5	0.00454238318584071	0.00464620058965255
0.51300498	4.9748056E-5	0.00440248283185841	0.0047218396887376
0.52048872	5.2629185E-5	0.00465745	0.00480353622476879
0.52798539	5.1472836E-5	0.0045551182300885	0.00486980168390545
0.53548297	5.0757657E-5	0.00449182805309735	0.00490709892392849
0.54297512	4.7074401E-5	0.00416587619469027	0.0049605465190608
0.55047476	5.2342793E-5	0.00463210557522124	0.00498845945979674
0.55795867	5.3884224E-5	0.00476851539823009	0.00500777016794416
0.56546316	5.0641468E-5	0.00448154584070797	0.00502398902608705
0.57295581	5.266299E-5	0.00466044159292035	0.0050096999111196
0.58045505	5.3047297E-5	0.0046944510619469	0.0050456731286782
0.58793689	5.371975E-5	0.00475396017699115	0.00505002819927409
0.59544147	5.686221E-5	0.00503205398230089	0.0050494956596216
0.60393031	5.1097272E-5	0.00452188247787611	0.00507817727899204
0.61391291	5.0929358E-5	0.00450702283185841	0.00510008355368146
0.62391781	4.9562957E-5	0.00438610238938053	0.00512628439548004
0.63390945	5.1538632E-5	0.00456094088495575	0.00516223368771291
0.64390924	4.8564461E-5	0.00429773991150443	0.00518583312931013
0.65389839	5.0414279E-5	0.00446144061946903	0.00516218585434954
0.66390815	5.2488731E-5	0.00464502044247788	0.00518004287545389
0.67391098	5.2408058E-5	0.00463788123893805	0.00521584579352055
0.68390563	5.4017337E-5	0.00478029530973451	0.00522659064872132
0.69390428	4.9831262E-5	0.00440984619469027	0.00525401167402159
0.7038965	5.3315183E-5	0.00471815778761062	0.00531222837873229
0.71389151	5.6019679E-5	0.00495749371681416	0.00539845888188486
0.72389243	5.2298642E-5	0.00462819840707965	0.00545208182533948
0.73389458	5.153463E-5	0.00456058672566372	0.00549673078075036
0.74388701	5.364688E-5	0.00474751150442478	0.00554374682657542
0.75387924	5.0888908E-5	0.00450344318584071	0.00556343669012703
0.76388458	5.1979754E-5	0.0045999782300885	0.00559246017801224
0.77387855	5.6830302E-5	0.00502923026548673	0.00557369861578612
0.78387568	5.4721312E-5	0.00484259398230089	0.00558670611524062
0.79387496	5.3941627E-5	0.00477359530973451	0.00558034438986122
0.80387697	5.6312128E-5	0.00498337415929204	0.00557187593369169
0.81387893	5.6227499E-5	0.00497588486725664	0.00557593423644513
0.82386848	5.1228792E-5	0.0045335214159292	0.00558572647330426
0.83386479	4.5071381E-5	0.00398861778761062	0.00558950695474615
0.84386947	5.4222658E-5	0.00479846530973451	0.00560952157377359
0.85386331	5.078887E-5	0.00449459026548673	0.00557664408784209
0.86385805	4.8598972E-5	0.00430079398230088	0.00555911883106807
0.87385537	5.0409347E-5	0.00446100415929204	0.00556066185772841
0.88385807	4.892499E-5	0.00432964513274336	0.00556403995561634
0.8938519	5.3593951E-5	0.00474282752212389	0.00556866255197992
0.90385057	4.7720482E-5	0.00422305150442478	0.00557452964681861
0.91385397	5.2121579E-5	0.00461252911504425	0.00558164124013234
0.92384219	5.2526992E-5	0.00464840637168142	0.00558999733192119
0.93383632	5.2230251E-5	0.00462214610619469	0.00559959792218502
0.94383628	4.5563967E-5	0.00403220946902655	0.00561044301092396
0.95384184	4.7878573E-5	0.00423704185840708	0.00562253259813801
0.963844	4.6966805E-5	0.00415635442477876	0.00563586668382711
0.973835	5.3676468E-5	0.00475012991150443	0.00565044526799126
0.98384458	5.0452082E-5	0.00446478601769912	0.00566626835063051
0.99382254	4.8738952E-5	0.00431318159292035	0.00568333593174482
